country,names,position,goals,goals_conceded,minutes_played,matches_played,balls_recovered,saves_from_penalties,clean_sheets,passing_accuracy,passes_attempted,passes_completed,crossing_accuracy,crosses_attempted,crosses_completed,freekicks_taken,fouls_suffered,fouls_committed,yellow_cards,red_cards,balls_recovered,tackles,clearances_attempted,total_attempts,attempts_on_target,attempts_off_target,attempts_crossbar,attempts_post,attempts_blocked,assists,corners_taken,offsides
Austria,Lienhart,Defender,0,0,0,0,0,0,0,0,0,0,0,0,0,0,0,0,0,0,0,0,0,0,0,0,0,0,0,0,0,0
Austria,Zulj,Midfielder,0,0,85,1,0,0,0,0,0,0,0,0,0,0,1,2,1,0,1,0,0,3,0,2,0,0,1,1,4,0
Austria,Lazaro,Midfielder,2,0,754,9,0,0,5,83.6,407,340,58.1,64,37,13,10,6,2,0,16,1,3,19,5,11,0,0,3,1,37,2
Austria,Arnautovic,Forward,6,0,710,8,0,0,3,81.1,242,197,18.8,5,2,3,5,17,2,0,10,2,0,37,18,11,0,1,8,2,0,13
Austria,Ranftl,Midfielder,0,0,13,1,0,0,1,0,0,0,0,0,0,0,0,0,0,0,0,0,0,0,0,0,0,0,0,0,0,0
Austria,Posch,Defender,1,0,378,5,0,0,3,86.2,258,224,16.6,9,3,10,5,6,1,0,27,6,13,3,1,2,0,0,0,0,0,0
Austria,Ilsanker,Midfielder,0,0,384,8,0,0,4,80.5,244,213,12.5,2,1,9,10,12,1,0,18,5,5,7,0,5,0,1,2,1,1,0
Austria,X. Schlager,Midfielder,0,0,241,3,0,0,1,83.3,117,99,0,2,0,0,5,6,0,0,8,1,3,3,2,1,0,0,0,0,0,0
Austria,Laimer,Midfielder,1,0,589,7,0,0,5,84.2,339,290,28.6,5,2,5,8,21,2,0,30,1,1,10,3,5,0,0,2,4,1,1
Austria,Friedl,Defender,0,0,0,0,0,0,0,0,0,0,0,0,0,0,0,0,0,0,0,0,0,0,0,0,0,0,0,0,0,0
Austria,A. Schlager,Goalkeeper,0,1,90,1,4,0,0,89,27,24,0,0,0,0,0,0,0,0,0,0,4,0,0,0,0,0,0,0,0,0
Austria,Lindner,Goalkeeper,0,6,360,4,7,0,1,77.8,105,80,0,0,0,7,0,0,0,0,0,0,2,0,0,0,0,0,0,0,0,0
Austria,Burgstaller,Forward,1,0,21,2,0,0,2,0,0,0,0,0,0,0,0,3,1,0,3,0,1,2,1,1,0,0,0,0,0,1
Austria,Strebinger,Goalkeeper,0,0,0,0,0,0,0,0,0,0,0,0,0,0,0,0,0,0,0,0,0,0,0,0,0,0,0,0,0,0
Austria,Pervan,Goalkeeper,0,1,90,1,2,0,0,95,19,18,0,0,0,1,0,0,0,0,0,0,0,0,0,0,0,0,0,0,0,0
Austria,Alaba,Defender,1,0,448,5,0,0,4,78.6,302,240,40.4,40,16,14,6,3,1,0,11,2,5,17,5,7,0,0,5,0,14,0
Austria,Siebenhandl,Goalkeeper,0,0,0,0,0,0,0,0,0,0,0,0,0,0,0,0,0,0,0,0,0,0,0,0,0,0,0,0,0,0
Austria,Vallci,Defender,0,0,0,0,0,0,0,0,0,0,0,0,0,0,0,0,0,0,0,0,0,0,0,0,0,0,0,0,0,0
Austria,Hinteregger,Defender,1,0,720,8,0,0,3,87.8,444,393,0,1,0,18,5,3,1,0,54,3,32,5,3,1,0,0,1,0,0,0
Austria,Stankovic,Goalkeeper,0,0,360,4,0,0,0,80.8,119,97,0,0,0,8,0,0,0,0,0,0,0,0,0,0,0,0,0,0,0,0
Austria,Prodl,Defender,0,0,0,0,0,0,0,0,0,0,0,0,0,0,0,0,0,0,0,0,0,0,0,0,0,0,0,0,0,0
Austria,Hinterseer,Forward,0,0,21,1,0,0,1,0,0,0,0,0,0,0,0,1,0,0,1,0,0,0,0,0,0,0,0,0,0,0
Austria,Ulmer,Defender,0,0,720,8,0,0,4,80.1,413,333,51.6,21,11,6,4,6,1,0,45,2,9,4,1,1,0,0,2,0,0,0
Austria,Trimmel,Midfielder,0,0,130,4,0,0,2,77.8,108,84,44.5,14,8,2,2,2,0,0,7,2,6,3,0,0,0,0,3,0,3,1
Austria,Sabitzer,Midfielder,2,0,789,9,0,0,4,80.3,418,336,42.1,30,15,8,18,18,2,0,20,1,2,38,12,13,0,2,13,4,0,5
Austria,Schaub,Midfielder,0,0,122,3,0,0,2,93,91,79,21.3,14,9,2,2,2,0,0,6,0,0,1,1,0,0,0,0,0,8,1
Austria,Onisiwo,Midfielder,0,0,87,4,0,0,2,0,0,0,0,0,0,0,4,3,1,0,3,0,0,4,1,1,0,0,2,0,0,0
Austria,Baumgartlinger,Midfielder,0,0,660,8,0,0,4,89,478,428,12.5,1,1,16,14,11,1,0,36,2,10,4,1,2,1,0,1,0,0,0
Austria,Wober,Defender,0,0,240,3,0,0,0,79.3,142,111,46,10,5,2,1,2,0,0,10,1,8,4,0,3,0,0,1,0,0,0
Austria,Lainer,Defender,1,0,540,6,0,0,3,84.3,358,303,31,23,7,4,6,9,0,0,19,4,13,6,3,2,0,0,1,1,0,0
Austria,Stoger,Midfielder,0,0,0,0,0,0,0,0,0,0,0,0,0,0,0,0,0,0,0,0,0,0,0,0,0,0,0,0,0,0
Austria,Gregoritsch,Forward,1,0,204,6,0,0,4,54.3,70,53,0,0,0,0,4,6,0,0,2,0,1,8,4,3,1,0,1,1,0,2
Austria,Goiginger,Midfielder,0,0,69,1,0,0,0,0,0,0,0,0,0,0,1,2,0,0,0,0,0,0,0,0,0,0,0,0,0,0
Austria,Janko,Forward,0,0,39,2,0,0,1,0,0,0,0,0,0,0,0,0,0,0,1,0,0,3,0,3,0,0,0,0,0,1
Austria,Ullmann,Defender,0,0,0,0,0,0,0,0,0,0,0,0,0,0,0,0,0,0,0,0,0,0,0,0,0,0,0,0,0,0
Austria,Grillitsch,Midfielder,0,0,183,3,0,0,1,91,143,125,20,5,3,4,5,1,0,0,8,0,3,4,1,2,0,0,1,0,0,0
Austria,Kainz,Midfielder,0,0,7,3,0,0,3,0,0,0,0,0,0,0,0,0,0,0,0,0,1,0,0,0,0,0,0,0,0,0
Austria,Dragovic,Defender,0,0,846,10,0,0,4,92,602,556,10,1,1,19,4,8,2,0,62,12,44,6,3,1,0,0,2,0,0,0
Belgium,Benteke,Forward,3,0,105,3,0,0,2,93,27,23,0,0,0,0,2,1,0,0,2,1,0,8,6,2,0,0,0,0,0,0
Belgium,Vanaken,Midfielder,0,0,180,2,0,0,1,95,145,137,50,2,2,1,1,3,0,0,10,0,0,4,1,3,0,0,0,0,0,0
Belgium,T. Hazard,Midfielder,1,0,601,7,0,0,4,85.7,396,341,31.6,27,9,1,2,12,0,0,33,2,3,8,3,2,0,0,3,2,0,1
Belgium,E. Hazard,Midfielder,5,0,667,8,0,0,5,84.5,556,472,42.6,38,24,10,17,3,0,0,3,0,0,20,12,3,0,0,5,7,29,2
Belgium,Kompany,Defender,0,0,167,2,0,0,2,96.5,184,177,0,0,0,0,0,0,0,0,18,1,1,1,0,0,0,0,1,0,0,0
Belgium,Lukaku,Forward,7,0,405,5,0,0,5,79.6,104,82,6.6,5,1,0,4,2,0,0,3,0,0,26,12,11,0,0,3,4,0,4
Belgium,Sels,Goalkeeper,0,0,0,0,0,0,0,0,0,0,0,0,0,0,0,0,0,0,0,0,0,0,0,0,0,0,0,0,0,0
Belgium,Carrasco,Midfielder,1,0,254,7,0,0,6,87.3,194,174,62,12,9,2,5,7,0,0,17,1,1,11,5,3,0,0,3,4,8,2
Belgium,Castagne,Defender,2,0,450,5,0,0,3,84.6,303,260,40.2,18,10,2,7,5,0,0,10,0,2,6,2,4,0,0,0,1,0,0
Belgium,Mignolet,Goalkeeper,0,1,90,1,1,0,0,100,30,30,0,0,0,1,0,0,0,0,0,0,0,0,0,0,0,0,0,0,0,0
Belgium,Tielemans,Midfielder,2,0,675,9,0,0,6,91,636,575,2.8,4,1,6,8,8,0,0,33,5,5,14,3,10,0,0,1,1,0,0
Belgium,Meunier,Defender,1,0,359,4,0,0,4,84.3,242,206,26.5,19,7,0,2,10,0,0,11,1,3,4,1,2,0,0,1,0,0,0
Belgium,Januzaj,Midfielder,0,0,90,2,0,0,2,85.5,42,36,30,5,3,0,0,2,0,0,0,0,0,3,0,3,1,0,0,0,2,0
Belgium,Boyata,Defender,0,0,180,2,0,0,0,97,130,126,0,0,0,7,0,0,0,0,9,0,11,0,0,0,0,0,0,0,0,0
Belgium,Mechele,Defender,0,0,1,1,0,0,1,0,0,0,0,0,0,0,0,0,0,0,0,0,0,0,0,0,0,0,0,0,0,0
Belgium,Vertonghen,Defender,0,0,720,8,0,0,7,92.1,706,653,14.6,9,3,14,6,7,0,0,47,2,13,4,0,1,0,0,3,0,0,0
Belgium,Chadli,Midfielder,2,0,207,4,0,0,4,92.3,138,123,26.3,12,5,1,3,4,0,0,13,1,1,5,3,2,0,0,0,1,0,0
Belgium,Trossard,Forward,0,0,0,0,0,0,0,0,0,0,0,0,0,0,0,0,0,0,0,0,0,0,0,0,0,0,0,0,0,0
Belgium,Courtois,Goalkeeper,0,2,810,9,15,0,7,89.3,217,191,0,1,0,11,1,0,0,0,0,0,5,0,0,0,0,0,0,0,0,0
Belgium,Casteels,Goalkeeper,0,0,0,0,0,0,0,0,0,0,0,0,0,0,0,0,0,0,0,0,0,0,0,0,0,0,0,0,0,0
Belgium,Witsel,Midfielder,0,0,360,4,0,0,3,92.5,291,274,12.5,2,1,7,7,6,1,0,15,1,4,6,4,0,0,0,2,0,0,0
Belgium,Alderweireld,Defender,1,0,900,10,0,0,7,91.4,967,885,20,6,3,26,1,5,0,0,52,1,26,10,3,6,0,0,1,1,0,0
Belgium,Cobbaut,Defender,0,0,90,1,0,0,0,92,77,71,0,0,0,0,0,1,0,0,6,0,0,0,0,0,0,0,0,0,0,0
Belgium,Vermaelen,Defender,1,0,439,7,0,0,7,95.9,338,318,0,0,0,4,2,3,1,0,16,4,22,3,1,1,0,0,1,0,0,0
Belgium,Verschaeren,Midfielder,1,0,57,3,0,0,3,0,0,0,0,0,0,0,1,1,0,0,1,0,0,4,2,2,0,0,0,0,4,0
Belgium,Dendoncker,Midfielder,0,0,270,3,0,0,2,91,186,170,33.3,1,1,0,3,5,0,0,12,1,2,0,0,0,0,0,0,0,0,0
Belgium,Batshuayi,Forward,4,0,378,6,0,0,4,60.7,101,70,0,2,0,0,3,14,1,0,2,0,1,16,10,3,0,1,3,1,0,10
Belgium,Origi,Forward,0,0,66,2,0,0,2,0,0,0,0,0,0,0,3,1,0,0,0,0,0,3,0,2,0,0,1,0,0,0
Belgium,De Bruyne,Midfielder,4,0,481,6,0,0,4,86.2,404,351,66.8,37,25,9,1,2,1,0,19,1,1,24,13,5,1,0,6,7,20,0
Belgium,Mertens,Forward,2,0,566,9,0,0,8,73.9,339,257,46.5,52,26,4,5,7,2,0,17,1,1,22,9,11,0,2,2,3,24,1
Belgium,Raman,Forward,0,0,1,1,0,0,1,0,0,0,0,0,0,0,0,0,0,0,0,0,0,0,0,0,0,0,0,0,0,0
Belgium,Teunckens,Goalkeeper,0,0,0,0,0,0,0,0,0,0,0,0,0,0,0,0,0,0,0,0,0,0,0,0,0,0,0,0,0,0
Belgium,Praet,Midfielder,0,0,127,4,0,0,4,98,90,85,25,2,1,1,1,1,0,0,9,1,1,2,1,1,0,0,0,1,0,0
Belgium,Denayer,Defender,0,0,203,3,0,0,1,96,172,169,0,0,0,3,1,0,0,0,16,1,3,3,1,1,0,0,1,0,0,0
Croatia,Benkovic,Defender,0,0,0,0,0,0,0,0,0,0,0,0,0,0,0,0,0,0,0,0,0,0,0,0,0,0,0,0,0,0
Croatia,Leovac,Defender,0,0,60,1,0,0,0,0,0,0,0,0,0,0,1,0,0,0,1,0,1,0,0,0,0,0,0,0,0,0
Croatia,Bradaric,Midfielder,0,0,0,0,0,0,0,0,0,0,0,0,0,0,0,0,0,0,0,0,0,0,0,0,0,0,0,0,0,0
Croatia,Melnjak,Defender,0,0,0,0,0,0,0,0,0,0,0,0,0,0,0,0,0,0,0,0,0,0,0,0,0,0,0,0,0,0
Croatia,Vlasic,Midfielder,3,0,370,6,0,0,3,93,153,138,22.2,5,3,1,6,5,0,0,19,0,1,9,7,0,0,0,2,0,0,2
Croatia,Mitrovic,Defender,0,0,0,0,0,0,0,0,0,0,0,0,0,0,0,0,0,0,0,0,0,0,0,0,0,0,0,0,0,0
Croatia,Petkovic,Forward,4,0,499,7,0,0,3,65,134,87,0,0,0,12,1,0,0,0,0,1,2,22,8,4,0,0,10,1,0,1
Croatia,Kalinic,Goalkeeper,0,3,180,2,7,0,0,90.5,51,46,0,0,0,3,0,0,0,0,0,0,6,0,0,0,0,0,0,0,0,0
Croatia,Juranovic,Defender,0,0,0,0,0,0,0,0,0,0,0,0,0,0,0,0,0,0,0,0,0,0,0,0,0,0,0,0,0,0
Croatia,Sluga,Goalkeeper,0,0,0,0,0,0,0,0,0,0,0,0,0,0,0,0,0,0,0,0,0,0,0,0,0,0,0,0,0,0
Croatia,Brekalo,Forward,0,0,370,8,0,0,5,81.8,212,175,13.8,17,6,2,5,4,1,0,10,0,0,14,6,7,0,0,1,0,1,0
Croatia,Rakitic,Midfielder,0,0,299,4,0,0,2,91.5,284,261,38.8,13,8,9,5,3,1,0,16,1,1,6,0,4,0,0,2,0,10,0
Croatia,Perisic,Midfielder,3,0,680,8,0,0,2,79.9,309,249,28.9,33,5,4,2,9,0,0,23,3,9,28,10,12,1,1,6,2,0,2
Croatia,Brozovic,Midfielder,0,0,540,6,0,0,2,93.5,577,540,50,11,7,14,6,15,3,0,26,2,0,9,1,6,1,0,2,2,4,0
Croatia,Rebic,Forward,1,0,414,7,0,0,4,80.2,160,129,34.6,11,7,1,4,11,1,0,6,2,3,7,3,2,0,0,2,2,0,3
Croatia,Modric,Midfielder,2,0,695,8,0,0,2,90.3,699,630,48.1,43,24,31,11,6,1,0,34,4,5,15,5,7,0,0,3,1,40,0
Croatia,Orsic,Midfielder,0,0,13,2,0,0,2,0,0,0,0,0,0,0,1,0,0,0,0,0,0,1,0,0,0,0,1,0,1,0
Croatia,Livakovic,Goalkeeper,0,4,540,6,18,0,2,81.7,166,134,0,0,0,15,1,0,0,0,0,0,4,0,0,0,0,0,0,0,0,0
Croatia,Kramaric,Forward,1,0,270,3,0,0,0,94.7,110,103,44.3,5,2,1,2,3,0,0,5,0,0,10,3,3,0,0,4,1,0,5
Croatia,Skoric,Defender,0,0,1,1,0,0,1,0,0,0,0,0,0,0,0,1,0,0,0,1,0,0,0,0,0,0,0,0,0,0
Croatia,Jedvaj,Defender,0,0,437,5,0,0,1,86.8,195,168,80,10,7,4,3,8,1,0,13,3,6,1,0,1,0,0,0,0,0,0
Croatia,Rog,Midfielder,0,0,0,0,0,0,0,0,0,0,0,0,0,0,0,0,0,0,0,0,0,0,0,0,0,0,0,0,0,0
Croatia,Lovren,Defender,1,0,540,6,0,0,2,90.7,405,369,16.7,2,1,2,4,5,3,0,31,2,25,5,1,3,0,0,1,0,0,0
Croatia,A. Milic,Defender,0,0,0,0,0,0,0,0,0,0,0,0,0,0,0,0,0,0,0,0,0,0,0,0,0,0,0,0,0,0
Croatia,Caktas,Midfielder,0,0,0,0,0,0,0,0,0,0,0,0,0,0,0,0,0,0,0,0,0,0,0,0,0,0,0,0,0,0
Croatia,Kovacic,Midfielder,0,0,232,5,0,0,3,93.4,237,224,10,2,1,1,6,6,0,0,14,1,2,0,0,0,0,0,0,0,1,0
Croatia,Caleta Car,Defender,0,0,180,2,0,0,0,97.5,119,116,0,0,0,3,0,1,1,0,13,1,4,3,1,1,0,0,1,1,0,0
Croatia,Barisic,Defender,1,0,660,8,0,0,3,85.1,334,283,46.8,28,16,2,6,8,1,0,30,3,17,3,1,2,0,0,0,1,2,1
Croatia,Vida,Defender,0,0,630,2,0,0,1,87,96,85,50,1,1,4,0,1,0,0,29,7,23,5,0,1,0,0,2,0,0,0
Croatia,Badelj,Midfielder,0,0,24,4,0,0,3,0,0,0,0,0,0,0,1,0,0,0,1,0,1,0,0,0,0,0,0,0,0,0
Croatia,Bartolec,Defender,0,0,166,2,0,0,1,85.5,51,44,50,1,1,0,1,3,0,0,5,2,2,1,1,0,0,0,0,0,0,0
Croatia,Peric,Defender,0,0,90,1,0,0,0,95,74,70,0,1,0,2,1,1,0,0,8,1,1,0,0,0,0,0,0,1,0,0
Croatia,Pasalic,Midfielder,0,0,30,2,0,0,1,0,0,0,0,0,0,0,0,0,0,0,2,0,0,3,0,1,0,0,2,0,0,0
CzechRepublic,Masopust,Midfielder,1,0,474,8,0,0,3,74.6,181,133,41.6,13,7,0,6,13,1,0,19,7,4,6,2,4,0,0,0,2,1,1
CzechRepublic,Pavlenka,Goalkeeper,0,5,90,1,5,0,0,42,24,10,0,0,0,2,0,0,0,0,0,0,3,0,0,0,0,0,0,0,0,0
CzechRepublic,Pavelka,Midfielder,0,0,270,3,0,0,1,86.3,142,124,44.3,7,5,5,4,3,1,0,16,7,3,4,2,1,0,0,1,0,6,0
CzechRepublic,Dozkal,Midfielder,0,0,0,0,0,0,0,0,0,0,0,0,0,0,0,0,0,0,0,0,0,0,0,0,0,0,0,0,0,0
CzechRepublic,Soucek,Midfielder,1,0,720,8,0,0,2,82.8,454,377,6.3,5,1,13,5,21,2,0,32,7,20,24,5,17,0,0,2,0,0,0
CzechRepublic,Kalas,Defender,0,0,90,1,0,0,0,77,31,24,0,0,0,1,0,1,0,0,4,1,7,0,0,0,0,0,0,0,0,0
CzechRepublic,Sevcík,Midfielder,0,0,79,2,0,0,1,0,0,0,0,0,0,0,0,1,0,0,6,1,2,1,0,1,0,0,0,0,0,0
CzechRepublic,Novak,Defender,0,0,270,3,0,0,1,83.7,92,76,44.3,4,2,4,1,2,1,0,11,1,10,1,0,1,0,0,0,0,0,0
CzechRepublic,Sadilek,Midfielder,0,0,0,0,0,0,0,0,0,0,0,0,0,0,0,0,0,0,0,0,0,0,0,0,0,0,0,0,0,0
CzechRepublic,Skoda,Forward,0,0,8,1,0,0,0,0,0,0,0,0,0,0,0,0,0,0,0,0,0,0,0,0,0,0,0,0,0,0
CzechRepublic,Vydra,Forward,0,0,45,1,0,0,0,0,0,0,0,0,0,0,2,0,0,0,2,1,0,1,0,1,0,0,0,0,0,0
CzechRepublic,Schick,Forward,4,0,463,6,0,0,2,77,84,64,33.3,3,2,1,5,10,2,0,5,4,3,17,8,8,1,0,1,1,0,5
CzechRepublic,Kral,Midfielder,1,0,593,7,0,0,2,82.7,235,193,7.2,6,1,5,12,10,0,0,22,2,5,13,4,5,0,0,4,1,0,0
CzechRepublic,Coufal,Defender,0,0,270,3,0,0,1,69.3,121,85,16.7,5,2,1,10,5,0,0,15,1,8,4,2,2,0,0,0,0,0,0
CzechRepublic,Kopic,Midfielder,0,0,97,4,0,0,4,75.8,49,36,35.5,9,4,2,1,3,0,0,5,0,0,2,1,0,0,0,1,0,2,0
CzechRepublic,Celustka,Defender,1,0,720,8,0,0,2,91.1,378,346,0,0,0,9,3,14,1,0,36,3,38,3,1,2,0,0,0,1,0,0
CzechRepublic,Suchy,Defender,0,0,315,4,0,0,2,93,177,164,0,0,0,5,4,5,1,0,23,1,12,0,0,0,0,0,0,1,0,0
CzechRepublic,Ondrasek,Forward,1,0,133,3,0,0,2,76,37,29,0,1,0,0,1,5,0,0,4,1,2,7,3,3,0,0,1,0,0,0
CzechRepublic,Krejci,Midfielder,0,0,24,2,0,0,2,0,0,0,0,0,0,0,1,2,0,0,1,0,0,1,1,0,0,0,0,0,0,0
CzechRepublic,Kolar,Goalkeeper,0,1,90,1,1,0,0,87,31,27,0,0,0,0,0,0,0,0,0,0,4,0,0,0,0,0,0,0,0,0
CzechRepublic,Gebre Selassie,Defender,0,0,90,1,0,0,0,78,27,21,0,0,0,0,1,0,0,0,1,1,0,0,0,0,0,0,0,0,0,0
CzechRepublic,Frydek,Defender,0,0,0,0,0,0,0,0,0,0,0,0,0,0,0,0,0,0,0,0,0,0,0,0,0,0,0,0,0,0
CzechRepublic,Kaderabek,Defender,0,0,451,6,0,0,2,78.8,208,155,26.2,28,12,4,4,3,2,0,18,4,12,1,0,0,0,0,1,1,0,1
CzechRepublic,Dolezal,Forward,0,0,33,3,0,0,3,0,0,0,0,0,0,0,0,2,0,0,1,0,1,4,0,3,0,0,1,0,0,0
CzechRepublic,Kalvach,Midfielder,0,0,0,0,0,0,0,0,0,0,0,0,0,0,0,0,0,0,0,0,0,0,0,0,0,0,0,0,0,0
CzechRepublic,Boril,Defender,0,0,450,5,0,0,1,79.4,192,152,45.4,17,6,4,3,9,1,0,33,1,7,3,1,2,0,0,0,0,0,0
CzechRepublic,Darida,Midfielder,1,0,517,6,0,0,1,84.8,283,239,55.3,37,22,16,12,8,0,0,6,4,4,19,5,7,0,0,7,0,18,1
CzechRepublic,Koubek,Goalkeeper,0,0,0,0,0,0,0,0,0,0,0,0,0,0,0,0,0,0,0,0,0,0,0,0,0,0,0,0,0,0
CzechRepublic,Zmrhal,Midfielder,0,0,1,1,0,0,1,0,0,0,0,0,0,0,0,0,0,0,0,0,0,0,0,0,0,0,0,0,0,0
CzechRepublic,Krmencik,Forward,0,0,91,3,0,0,1,44.3,20,14,0,0,0,0,1,3,0,0,0,0,0,5,2,1,0,0,2,0,0,1
CzechRepublic,Kudela,Defender,0,0,90,1,0,0,0,86,71,61,0,0,0,3,0,1,1,0,2,0,4,0,0,0,0,0,0,0,0,0
CzechRepublic,Rezník,Defender,0,0,0,0,0,0,0,0,0,0,0,0,0,0,0,0,0,0,0,0,0,0,0,0,0,0,0,0,0,0
CzechRepublic,Vaclik,Goalkeeper,0,5,540,6,14,0,2,75.7,161,122,0,0,0,13,0,0,0,0,0,0,2,0,0,0,0,0,0,0,0,0
CzechRepublic,Jankto,Midfielder,1,0,642,8,0,0,2,71.4,222,161,48.8,59,34,12,4,4,3,0,14,1,8,14,4,4,1,0,6,3,30,2
CzechRepublic,Husbauer,Midfielder,0,0,37,2,0,0,2,0,0,0,0,0,0,0,0,0,0,0,1,0,1,0,0,0,0,0,0,0,0,0
CzechRepublic,Kozak,Forward,0,0,2,1,0,0,1,0,0,0,0,0,0,0,0,1,0,0,0,0,2,0,0,0,0,0,0,0,0,0
CzechRepublic,Simic,Defender,0,0,0,0,0,0,0,0,0,0,0,0,0,0,0,0,0,0,0,0,0,0,0,0,0,0,0,0,0,0
CzechRepublic,Brabec,Defender,1,0,225,3,0,0,1,85,129,107,0,2,0,4,0,4,0,0,24,2,5,1,1,0,0,0,0,0,0,0
Denmark,Christensen,Defender,0,0,465,7,0,0,4,92.2,351,330,0,0,0,8,4,2,0,0,34,2,21,3,0,2,0,0,1,0,0,0
Denmark,Delaney,Midfielder,1,0,630,8,0,0,5,85.9,512,453,12.5,5,2,6,10,11,0,0,37,4,13,19,4,10,0,0,5,0,0,0
Denmark,Gytkjaer,Forward,4,0,223,4,0,0,3,68.3,36,23,0,0,0,0,2,3,0,0,1,0,2,12,8,3,1,0,1,0,0,5
Denmark,Stryger,Defender,0,0,698,8,0,0,4,82.8,371,309,23.8,25,9,10,6,5,0,0,23,3,16,2,0,2,0,0,0,1,0,0
Denmark,Norgaard,Midfielder,0,0,0,0,0,0,0,0,0,0,0,0,0,0,0,0,0,0,0,0,0,0,0,0,0,0,0,0,0,0
Denmark,Dalsgaard,Defender,1,0,450,5,0,0,2,73.4,189,142,52.8,19,10,0,2,5,1,0,18,2,20,1,1,0,0,0,0,1,0,0
Denmark,Poulsen,Forward,2,0,588,7,0,0,3,67.4,184,124,0,4,0,0,20,13,1,0,17,1,2,16,3,7,0,0,6,1,0,2
Denmark,Cornelius,Forward,0,0,123,2,0,0,2,75,28,20,0,0,0,0,2,1,0,0,1,0,1,1,1,0,0,0,0,0,0,1
Denmark,Braithwaite,Forward,3,0,521,8,0,0,6,63.4,131,93,25,4,2,0,10,6,0,0,7,3,1,21,9,9,0,0,3,0,0,0
Denmark,N. orgensen,Forward,0,0,160,2,0,0,0,80.5,36,29,0,0,0,0,0,2,1,0,2,0,1,3,1,1,0,0,1,0,0,2
Denmark,Jorgensen,Defender,1,0,354,6,0,0,4,76.5,248,227,0,0,0,3,1,3,0,0,35,0,13,3,1,2,1,0,0,0,0,0
Denmark,Bruun Larsen,Midfielder,0,0,0,0,0,0,0,0,0,0,0,0,0,0,0,0,0,0,0,0,0,0,0,0,0,0,0,0,0,0
Denmark,Knudsen,Defender,0,0,0,0,0,0,0,0,0,0,0,0,0,0,0,0,0,0,0,0,0,0,0,0,0,0,0,0,0,0
Denmark,Schmeichel,Goalkeeper,0,6,720,8,14,0,4,82.9,195,155,0,0,0,15,0,0,1,0,0,0,15,0,0,0,0,0,0,0,0,0
Denmark,Andersen,Defender,0,0,0,0,0,0,0,0,0,0,0,0,0,0,0,0,0,0,0,0,0,0,0,0,0,0,0,0,0,0
Denmark,Lerager,Midfielder,0,0,0,0,0,0,0,0,0,0,0,0,0,0,0,0,0,0,0,0,0,0,0,0,0,0,0,0,0,0
Denmark,Dolberg,Forward,2,0,275,5,0,0,2,81.2,75,61,0,3,0,1,2,5,0,0,8,0,1,8,4,2,0,0,2,1,0,0
Denmark,Hojbjerg,Midfielder,1,0,429,8,0,0,4,87.6,457,409,25,9,4,6,6,7,0,0,32,0,8,1,1,0,0,0,0,0,0,0
Denmark,Billing,Midfielder,0,0,0,0,0,0,0,0,0,0,0,0,0,0,0,0,0,0,0,0,0,0,0,0,0,0,0,0,0,0
Denmark,Nelsson,Defender,0,0,0,0,0,0,0,0,0,0,0,0,0,0,0,0,0,0,0,0,0,0,0,0,0,0,0,0,0,0
Denmark,Kjaer,Defender,0,0,639,8,0,0,4,90.5,462,422,0,0,0,13,4,7,1,0,34,1,21,4,0,2,0,0,2,2,0,0
Denmark,Lossl,Goalkeeper,0,0,0,0,0,0,0,0,0,0,0,0,0,0,0,0,0,0,0,0,0,0,0,0,0,0,0,0,0,0
Denmark,Ronnow,Goalkeeper,0,0,0,0,0,0,0,0,0,0,0,0,0,0,0,0,0,0,0,0,0,0,0,0,0,0,0,0,0,0
Denmark,Skov,Midfielder,3,0,242,3,0,0,2,91.7,131,118,66.7,4,2,1,2,0,0,0,2,1,1,14,5,5,0,0,4,2,2,0
Denmark,Eriksen,Midfielder,5,0,720,8,0,0,4,82,525,430,50.5,72,38,31,4,5,0,0,0,0,0,0,0,8,0,0,0,4,48,2
Denmark,J. Hansen,Goalkeeper,0,0,0,0,0,0,0,0,0,0,0,0,0,0,0,0,0,0,0,0,0,0,0,#N/A,0,0,0,0,0,0
Denmark,Durmisi,Defender,0,0,0,0,0,0,0,0,0,0,0,0,0,0,0,0,0,0,0,0,0,0,0,0,0,0,0,0,0,0
Denmark,Wass,Midfielder,0,0,208,3,0,0,3,85.7,203,177,46.7,11,3,4,4,1,0,0,6,0,2,2,0,2,0,0,0,2,0,0
Denmark,Christiansen,Midfielder,0,0,0,0,0,0,0,0,0,0,0,0,0,0,0,0,0,0,0,0,0,0,0,0,0,0,0,0,0,0
Denmark,Iversen,Goalkeeper,0,0,0,0,0,0,0,0,0,0,0,0,0,0,0,0,0,0,0,0,0,0,0,0,0,0,0,0,0,0
Denmark,Ankersen,Defender,0,0,100,2,0,0,1,87,70,63,75,5,3,1,2,0,0,0,3,0,2,1,0,1,0,1,0,0,0,0
Denmark,Schone,Midfielder,0,0,375,7,0,0,6,92.3,337,310,14.3,2,2,8,6,7,2,0,17,2,4,2,0,2,0,0,0,1,1,0
England,Winks,Midfielder,1,0,270,3,0,0,3,95,288,274,33.3,2,1,4,0,5,0,0,14,4,1,1,1,0,0,0,0,0,0,0
England,Sterling,Forward,8,0,574,7,0,0,4,83.6,262,218,35.7,13,3,0,12,12,1,0,7,0,2,17,13,2,0,0,2,7,0,6
England,Rashford,Forward,3,0,309,6,0,0,5,92.8,197,176,16.7,6,2,2,9,3,0,0,5,0,0,15,8,3,0,0,4,0,0,0
England,Walker,Defender,0,0,180,2,0,0,0,88,152,135,0,2,0,1,5,3,1,0,14,2,6,0,0,0,0,0,0,0,0,0
England,Maguire,Defender,0,0,720,8,0,0,3,76.3,29,22,0,2,0,0,2,8,0,0,43,4,18,2,0,2,0,0,0,1,0,0
England,Rice,Midfielder,0,0,475,6,0,0,3,92.7,357,338,0,0,0,1,0,3,0,0,27,2,10,0,0,0,0,0,0,0,0,0
England,Mings,Defender,0,0,180,2,0,0,2,96.5,187,180,0,1,0,1,1,4,0,0,11,0,8,0,0,0,0,0,0,0,0,0
England,Keane,Defender,1,0,450,5,0,0,2,92.6,386,360,0,1,0,3,0,4,1,0,19,0,14,5,1,2,0,0,2,1,0,0
England,Dier,Defender,0,0,17,1,0,0,1,0,0,0,0,0,0,0,1,2,0,0,1,0,0,0,0,0,0,0,0,0,0,0
England,Chilwell,Defender,0,0,450,5,0,0,4,86,361,311,42,24,12,12,2,3,0,0,20,0,11,1,1,0,0,0,0,3,10,0
England,Stones,Defender,0,0,90,1,0,0,1,94,84,79,0,0,0,0,0,1,0,0,3,0,0,0,0,0,0,0,0,0,0,0
England,Hudson Odoi,Midfielder,0,0,169,3,0,0,2,84.3,106,90,20,6,3,0,0,2,0,0,6,1,0,5,4,1,0,0,0,1,0,0
England,Butland,Goalkeeper,0,0,0,0,0,0,0,0,0,0,0,0,0,0,0,0,0,0,0,0,0,0,0,0,0,0,0,0,0,0
England,Tarkowski,Defender,0,0,0,0,0,0,0,0,0,0,0,0,0,0,0,0,0,0,0,0,0,0,0,0,0,0,0,0,0,0
England,Oxlade Chamberlain,Midfielder,1,0,142,3,0,0,3,81.3,93,78,16.7,2,1,0,2,3,0,0,8,0,2,1,1,0,0,0,0,1,0,0
England,Abraham,Forward,1,0,35,2,0,0,2,0,0,0,0,0,0,0,0,1,0,0,0,0,0,1,1,0,0,0,0,0,0,0
England,Tomori,Defender,0,0,6,1,0,0,1,0,0,0,0,0,0,0,0,0,0,0,0,0,1,0,0,0,0,0,0,0,0,0
England,Maddison,Midfielder,0,0,34,1,0,0,1,0,0,0,0,0,0,0,1,2,0,0,3,0,0,0,0,0,0,0,0,0,1,0
England,Sancho,Midfielder,2,0,374,6,0,0,4,81.8,186,154,26.7,10,4,0,3,2,0,0,5,0,1,4,3,0,0,0,1,3,2,2
England,Alexander Arnold,Defender,0,0,264,3,0,0,2,83,214,180,43,20,9,6,0,1,0,0,7,0,7,3,1,1,0,0,1,1,3,0
England,Kane,Forward,12,0,667,8,0,0,5,78.8,175,135,27.1,8,4,1,6,5,0,0,6,1,6,30,20,3,0,2,7,5,1,2
England,Henderson,Goalkeeper,0,0,0,6,0,0,4,89.3,408,364,50.8,11,7,2,4,5,3,0,0,0,0,3,1,0,0,0,1,1,1,1
England,Heaton,Goalkeeper,0,0,0,0,0,0,0,0,0,0,0,0,0,0,0,0,0,0,0,0,0,0,0,0,0,0,0,0,0,0
England,Henderson,Midfielder,0,0,453,6,0,0,4,89.3,408,364,50.8,11,7,2,4,5,3,0,0,0,0,3,1,0,0,0,1,1,1,1
England,Pickford,Goalkeeper,0,6,630,7,17,0,4,85.4,217,180,0,0,0,8,1,0,0,0,0,0,2,0,0,0,0,0,0,0,0,0
England,Barkley,Midfielder,4,0,417,6,0,0,3,82.7,340,296,45,19,7,14,10,2,1,0,8,1,2,9,4,2,0,0,3,2,14,0
England,Pope,Goalkeeper,0,0,90,1,3,0,1,85,33,28,0,0,0,0,0,0,0,0,0,0,0,0,0,0,0,0,0,0,0,0
England,Wilson,Forward,0,0,21,2,0,0,5,78.3,165,137,50.9,27,17,11,9,3,1,0,8,0,1,10,5,1,0,0,2,0,0,0
England,Trippier,Defender,0,0,270,3,0,0,2,93,229,214,77.7,9,7,3,1,5,0,0,16,2,5,0,0,0,0,0,0,0,0,1
England,Gomez,Defender,0,0,20,1,0,0,1,0,0,0,0,0,0,0,0,0,0,0,1,0,0,0,0,0,0,0,0,0,0,0
England,Rose,Defender,0,0,270,3,0,0,1,87,253,224,31,9,4,5,6,4,3,0,15,3,3,1,0,0,0,0,1,0,0,0
England,Ward Prowse,Midfielder,0,0,9,1,0,0,1,0,0,0,0,0,0,0,0,0,0,0,0,0,0,0,0,0,0,0,0,0,1,0
England,Mount,Midfielder,1,0,207,6,0,0,5,86,87,76,16.7,2,2,3,4,3,0,0,3,0,2,7,3,3,0,0,1,1,1,1
England,Alli,Midfielder,0,0,127,2,0,0,1,88,83,73,0,0,0,3,4,0,0,0,5,0,0,1,0,0,0,0,1,0,0,0
Finland,Lappalainen,Forward,0,0,257,5,0,0,3,77,137,103,35.2,15,6,2,2,2,0,0,8,1,3,2,1,0,0,0,1,1,8,1
Finland,Vaisanen,Defender,0,0,94,5,0,0,1,88.8,249,220,40,3,2,11,0,1,0,0,10,4,21,2,1,1,0,0,0,0,0,0
Finland,Sparv,Midfielder,0,0,563,7,0,0,5,88.6,444,393,0,0,0,11,6,10,3,0,31,5,15,12,5,4,0,0,3,0,0,0
Finland,Kamara,Midfielder,0,0,897,4,0,0,2,93,769,720,10,3,1,8,1,3,0,0,44,4,7,3,1,2,0,0,0,0,0,0
Finland,Schuller,Midfielder,0,0,224,7,0,0,5,82.4,161,151,0,0,0,0,2,5,1,0,15,4,4,2,0,2,0,0,0,1,0,0
Finland,Kallman,Forward,1,0,90,1,0,0,1,81,32,26,100,1,1,0,0,0,0,0,2,1,0,6,3,3,0,0,0,0,0,0
Finland,Skrabb,Forward,0,0,173,3,0,0,2,78,65,49,33.3,7,3,0,0,5,0,0,4,1,3,3,1,2,0,0,0,0,0,0
Finland,Arajuuri,Defender,0,0,660,8,0,0,5,91.5,396,367,12.5,1,1,13,2,5,1,0,37,10,35,4,1,2,0,0,1,0,0,0
Finland,Kauko,Midfielder,0,0,221,5,0,0,3,78.8,136,114,10,3,1,2,3,10,2,0,15,3,3,3,1,1,0,0,1,0,0,1
Finland,Pohjanpalo,Forward,1,0,82,2,0,0,1,0,0,0,0,0,0,0,1,0,0,0,2,0,1,2,1,1,0,0,0,1,0,0
Finland,Vaisanen,Defender,0,0,420,5,0,0,1,88.8,249,220,40,3,2,11,0,1,0,0,10,4,21,2,1,1,0,0,0,0,0,0
Finland,Lod,Midfielder,0,0,897,10,0,0,6,80.4,513,417,47,56,29,18,9,14,0,0,28,2,6,17,4,10,0,0,3,3,34,2
Finland,Granlund,Defender,0,0,299,4,0,0,2,84,110,92,0,0,0,5,4,4,0,0,20,0,11,0,0,0,0,0,0,0,0,0
Finland,Soiri,Midfielder,1,0,312,9,0,0,8,88,122,103,16.7,9,2,2,10,1,0,0,9,1,0,4,3,1,0,0,0,0,0,1
Finland,Forsell,Midfielder,0,0,63,1,0,0,1,0,0,0,0,0,0,0,3,1,0,0,1,1,0,0,0,0,0,0,0,0,2,0
Finland,Uronen,Defender,0,0,540,6,0,0,4,83.5,288,242,25,8,3,11,13,4,1,0,28,4,10,1,0,1,0,0,0,0,0,3
Finland,Pirinen,Defender,0,0,270,3,0,0,2,83.7,187,161,22.3,4,2,2,4,3,0,0,10,2,5,0,0,0,0,0,0,0,0,0
Finland,Sumusalo,Defender,0,0,0,0,0,0,0,0,0,0,0,0,0,0,0,0,0,0,0,0,0,0,0,0,0,0,0,0,0,0
Finland,Raitala,Defender,0,0,585,7,0,0,5,90.6,297,273,28.6,6,4,8,0,10,1,0,31,3,23,1,0,0,0,0,1,0,0,0
Finland,Toivio,Defender,0,0,869,10,0,0,6,89.8,572,521,0,1,0,10,5,6,1,0,41,2,41,8,1,4,0,0,3,0,0,0
Finland,Hradecky,Goalkeeper,0,8,810,9,25,0,6,81.2,276,217,0,0,0,16,0,0,1,0,0,0,9,0,0,0,0,0,0,0,0,0
Finland,Joronen,Goalkeeper,0,2,90,1,4,0,0,74,35,26,0,0,0,1,0,0,0,0,0,0,2,0,0,0,0,0,0,0,0,0
Finland,Pukki,Forward,10,0,882,10,0,0,6,78.7,255,198,28,15,9,1,15,12,1,0,12,1,1,36,19,8,0,0,9,1,0,1
Finland,Jensen,Midfielder,2,0,138,4,0,0,4,35.3,37,26,12.5,4,1,0,2,2,0,0,0,0,1,4,3,0,0,0,1,0,0,1
Finland,Taylor,Midfielder,0,0,3,3,0,0,1,81,153,120,53.3,6,4,3,4,2,1,0,15,2,8,0,0,0,0,0,0,2,0,0
Finland,Karjalainen,Forward,0,0,18,3,0,0,3,0,0,0,0,0,0,0,0,0,0,0,1,0,0,1,0,1,0,0,0,0,0,0
Finland,Lam,Defender,0,0,31,1,0,0,0,0,0,0,0,0,0,0,0,0,0,0,5,0,4,0,0,0,0,0,0,0,0,0
Finland,Jaakkola,Goalkeeper,0,0,0,0,0,0,0,0,0,0,0,0,0,0,0,0,0,0,0,0,0,0,0,0,0,0,0,0,0,0
Finland,D. O Shaughnessy,Defender,0,0,0,0,0,0,0,0,0,0,0,0,0,0,0,0,0,0,0,0,0,0,0,0,0,0,0,0,0,0
Finland,Markkula,Defender,0,0,0,0,0,0,0,0,0,0,0,0,0,0,0,0,0,0,0,0,0,0,0,0,0,0,0,0,0,0
Finland,Hamalainen,Midfielder,0,0,127,2,0,0,1,80.5,45,34,50,2,1,0,0,1,0,0,4,0,1,0,0,0,0,0,0,0,0,0
Finland,Tuominen,Forward,1,0,285,4,0,0,2,59.3,74,51,25,3,1,1,6,10,0,0,3,1,3,5,2,1,0,1,2,0,0,1
France,Digne,Defender,0,0,340,6,0,0,3,78.8,261,218,20,25,11,2,2,6,1,0,9,3,5,6,0,3,0,0,3,0,0,0
France,Lemar,Midfielder,0,0,162,7,0,0,5,92.6,128,118,42.9,7,3,3,2,4,0,0,6,0,1,4,1,1,0,0,2,1,3,0
France,Giroud,Forward,6,0,697,10,0,0,6,74.3,202,158,10,2,1,1,5,15,1,0,6,1,3,29,14,12,0,1,3,0,0,13
France,Pogba,Midfielder,0,0,360,4,0,0,2,89.8,370,334,37.5,3,2,5,5,6,1,0,13,1,3,5,2,2,0,0,1,1,0,0
France,Tolisso,Midfielder,1,0,540,6,0,0,3,91.5,590,541,22.2,4,2,9,11,11,1,0,33,2,2,9,2,4,0,0,3,0,0,0
France,Sidibe,Defender,0,0,0,0,0,0,0,0,0,0,0,0,0,0,0,0,0,0,0,0,0,0,0,0,0,0,0,0,0,0
France,Griezmann,Forward,3,0,883,10,0,0,6,84.3,611,515,61,77,50,20,8,9,2,0,22,7,2,36,15,15,1,0,6,7,56,1
France,Pavard,Defender,0,0,632,8,0,0,3,91.3,586,528,36.8,29,11,4,4,9,1,0,32,2,10,6,0,6,0,0,0,1,0,1
France,Mendy,Defender,0,0,135,2,0,0,2,80.5,125,109,25,4,2,4,2,1,0,0,5,0,1,0,0,0,0,0,0,0,0,0
France,Areola,Goalkeeper,0,0,0,0,0,0,0,0,0,0,0,0,0,0,0,0,0,0,0,0,0,0,0,0,0,0,0,0,0,0
France,Mbappe,Forward,3,0,450,5,0,0,2,84.4,283,238,66.8,14,10,1,10,5,1,0,6,0,0,14,8,5,0,0,1,3,5,8
France,Umtiti,Defender,1,0,270,3,0,0,1,95.7,284,272,0,0,0,8,5,4,1,0,8,0,6,1,1,0,0,0,0,0,0,0
France,Ikone,Midfielder,1,0,81,4,0,0,3,0,0,0,0,0,0,0,0,0,0,0,2,0,0,3,3,0,0,0,0,1,0,0
France,Kimpembe,Defender,0,0,95,2,0,0,2,95,70,64,0,1,0,1,1,3,0,0,7,3,2,1,0,1,0,0,0,0,0,0
France,Ben Yedder,Forward,2,0,278,6,0,0,6,88.7,108,95,16.7,4,1,0,3,0,0,0,3,0,0,8,3,4,0,0,1,0,0,3
France,Dubois,Defender,0,0,268,3,0,0,3,86.3,256,222,33.7,18,7,3,2,2,0,0,14,1,2,1,1,0,0,0,0,1,0,0
France,Sissoko,Midfielder,0,0,477,7,0,0,5,91.4,379,343,7.2,5,1,0,4,4,0,0,28,2,6,4,3,1,1,0,0,0,0,2
France,Lloris,Goalkeeper,0,4,540,6,9,0,3,88.5,135,119,0,0,0,10,1,1,0,0,0,0,7,0,0,0,0,0,0,0,0,0
France,Thauvin,Forward,1,0,98,2,0,0,1,86.5,80,71,16.5,6,2,0,2,1,0,0,2,0,0,3,1,2,0,0,0,1,1,0
France,Zouma,Defender,1,0,90,1,0,0,1,98,90,88,0,0,0,0,0,2,1,0,5,0,6,4,2,2,0,0,0,0,0,0
France,Mandanda,Goalkeeper,0,2,360,4,1,0,2,87.5,103,89,0,0,0,4,0,0,0,0,0,0,1,0,0,0,0,0,0,0,0,0
France,Varane,Defender,2,0,810,9,0,0,4,93.5,719,673,11.1,2,1,13,3,8,1,0,36,3,18,9,4,4,0,0,1,1,0,0
France,Kante,Midfielder,0,0,260,3,0,0,1,90.3,286,258,0,1,0,0,0,3,0,0,26,2,4,0,0,0,0,0,0,0,0,0
France,Nzonzi,Midfielder,0,0,0,0,0,0,0,0,0,0,0,0,0,0,0,0,0,0,0,0,0,0,0,0,0,0,0,0,0,0
France,Kurzawa,Defender,0,0,175,2,0,0,1,90,144,130,37.5,6,2,1,1,3,0,0,13,1,1,1,0,1,0,0,0,0,0,1
France,Matuidi,Midfielder,0,0,465,6,0,0,4,92.7,370,341,19.3,10,3,3,3,2,0,0,15,2,3,7,0,4,0,1,3,1,0,0
France,Hernandez,Defender,0,0,170,2,0,0,1,93,135,126,50,6,3,2,3,4,1,0,7,1,0,1,0,1,0,0,0,1,0,1
France,Coman,Midfielder,3,0,470,6,0,0,4,84.3,266,229,43.2,31,15,1,7,3,1,0,2,0,1,9,4,5,1,0,0,0,4,2
France,Maignan,Goalkeeper,0,0,0,0,0,0,0,0,0,0,0,0,0,0,0,0,0,0,0,0,0,0,0,0,0,0,0,0,0,0
France,Lenglet,Defender,1,0,630,7,0,0,4,95.2,601,572,0,0,0,13,5,1,1,0,33,1,12,6,2,4,0,0,0,0,0,0
France,Plea,Forward,0,0,0,0,0,0,0,0,0,0,0,0,0,0,0,0,0,0,0,0,0,0,0,0,0,0,0,0,0,0
France,Ndombele,Midfielder,0,0,64,1,0,0,1,0,0,0,0,0,0,0,1,0,0,0,2,0,0,0,0,0,0,0,0,0,0,0
France,B. Mendy,Defender,0,0,75,1,0,0,1,0,0,0,0,0,0,0,1,4,0,0,0,0,2,0,0,0,0,0,0,0,0,1
France,Guendouzi,Midfielder,0,0,0,0,0,0,0,0,0,0,0,0,0,0,0,0,0,0,0,0,0,0,0,0,0,0,0,0,0,0
France,Fekir,Midfielder,0,0,25,4,0,0,2,0,0,0,0,0,0,0,2,1,0,0,0,0,0,2,1,1,0,0,0,2,0,0
Germany,Schulz,Defender,1,0,405,5,0,0,3,83,277,231,35.4,22,7,0,3,6,0,0,19,2,11,3,2,1,0,0,0,1,0,0
Germany,Brandt,Midfielder,1,0,308,6,0,0,4,83.3,220,187,20.8,10,4,1,1,0,0,0,4,0,0,7,3,2,0,0,2,1,2,3
Germany,Neuer,Goalkeeper,0,6,630,7,20,1,5,87.7,234,204,0,0,0,7,0,0,0,0,0,0,4,0,0,0,0,0,0,0,0,0
Germany,Gundogan,Midfielder,2,0,453,7,0,0,5,93.4,569,530,28.6,3,3,2,4,4,0,0,20,0,1,12,2,3,0,1,7,3,2,1
Germany,Reus,Midfielder,3,0,366,6,0,0,5,86.8,231,203,27.8,4,3,3,1,4,0,0,4,0,3,12,7,3,0,1,2,1,1,2
Germany,Klostermann,Defender,0,0,515,6,0,0,4,83.5,349,295,50.2,25,13,1,5,5,0,0,20,0,11,8,3,5,0,0,0,3,0,0
Germany,Leno,Goalkeeper,0,0,0,0,0,0,0,0,0,0,0,0,0,0,0,0,0,0,0,0,0,0,0,0,0,0,0,0,0,0
Germany,Kehrer,Defender,0,0,180,2,0,0,1,83,103,92,16.5,4,1,0,2,2,0,0,5,4,4,1,1,0,0,0,0,1,0,2
Germany,Rudiger,Defender,0,0,90,1,0,0,0,92,52,48,0,0,0,2,1,0,0,0,2,1,2,1,0,1,0,0,0,1,0,0
Germany,Sane,Midfielder,3,0,270,3,0,0,2,87,96,84,16.7,2,1,1,6,1,0,0,3,0,0,12,6,2,0,1,4,1,1,1
Germany,Werner,Forward,2,0,246,5,0,0,4,81.4,84,69,0,1,0,0,0,3,0,0,3,0,0,18,8,5,0,0,5,0,2,5
Germany,Hector,Defender,0,0,90,1,0,0,0,92,79,73,100,2,2,1,0,0,0,0,5,1,0,0,0,0,0,0,0,2,0,0
Germany,Havertz,Forward,0,0,141,3,0,0,2,90.7,148,137,33.3,1,1,0,0,0,0,0,6,0,0,2,0,1,0,0,1,2,0,0
Germany,Ter Stegen,Goalkeeper,0,1,90,1,0,0,0,97,34,33,0,0,0,2,0,0,0,0,0,0,1,0,0,0,0,0,0,0,0,0
Germany,Kroos,Midfielder,3,0,450,5,0,0,2,93,512,471,76.6,15,10,23,11,3,0,0,16,0,5,15,8,6,0,0,1,2,24,0
Germany,Emre Can,Defender,0,0,109,3,0,0,2,96.3,112,102,0,0,0,0,2,5,0,1,8,1,4,3,0,2,0,0,1,0,0,0
Germany,Amiri,Midfielder,0,0,14,2,0,0,2,0,0,0,0,0,0,0,1,1,0,0,1,0,0,1,0,1,0,0,0,0,0,0
Germany,Koch,Defender,0,0,90,1,0,0,1,95,60,57,0,0,0,1,0,2,1,0,2,1,2,0,0,0,0,0,0,0,0,0
Germany,Sule,Defender,0,0,540,6,0,0,4,95,482,460,0,0,0,7,2,1,0,0,36,4,30,1,1,0,0,0,0,0,0,1
Germany,Ulreich,Goalkeeper,0,0,0,0,0,0,0,0,0,0,0,0,0,0,0,0,0,0,0,0,0,0,0,0,0,0,0,0,0,0
Germany,Rudy,Midfielder,0,0,1,1,0,0,1,0,0,0,0,0,0,0,0,0,0,0,0,0,0,0,0,0,0,0,0,0,0,0
Germany,Gnabry,Midfielder,8,0,593,7,0,0,4,89,310,278,21.4,5,2,0,3,9,1,0,11,0,1,31,14,12,0,1,5,1,0,1
Germany,Goretzka,Midfielder,4,0,332,5,0,0,3,88.2,244,219,0,1,0,0,2,7,0,0,6,1,1,13,6,6,0,0,1,0,0,1
Germany,Halstenberg,Defender,1,0,225,3,0,0,3,88.7,150,132,66.7,10,7,1,2,3,0,0,17,0,2,1,1,0,0,0,0,1,2,3
Germany,Serdar,Midfielder,0,0,30,2,0,0,2,0,0,0,0,0,0,0,2,0,0,0,0,0,0,1,0,1,0,0,0,0,0,1
Germany,Eggestein,Midfielder,0,0,0,0,0,0,0,0,0,0,0,0,0,0,0,0,0,0,0,0,0,0,0,0,0,0,0,0,0,0
Germany,Stark,Defender,0,0,25,1,0,0,1,0,0,0,0,0,0,0,0,0,0,0,1,1,2,0,0,0,0,0,0,0,0,0
Germany,Waldschmidt,Forward,0,0,71,2,0,0,2,0,0,0,0,0,0,0,1,1,0,0,1,0,0,1,1,0,0,0,0,0,0,2
Germany,Tah,Defender,0,0,320,4,0,0,2,95.3,310,295,0,0,0,4,2,1,0,0,22,0,9,1,0,1,0,0,0,0,0,0
Germany,Trapp,Goalkeeper,0,0,0,0,0,0,0,0,0,0,0,0,0,0,0,0,0,0,0,0,0,0,0,0,0,0,0,0,0,0
Germany,Draxler,Forward,0,0,56,2,0,0,2,0,0,0,0,0,0,0,1,1,0,0,1,0,0,2,1,0,0,0,1,2,0,0
Germany,Kimmich,Midfielder,0,0,720,8,0,0,5,93.3,964,897,33.3,25,13,15,12,4,1,0,42,3,11,10,2,4,0,0,4,2,20,0
Germany,Ginter,Defender,1,0,484,6,0,0,4,88.5,468,426,62.5,12,9,5,3,6,0,0,18,1,16,3,2,1,0,0,0,2,0,0
Hungary,Konyves,Forward,0,0,0,1,0,0,1,0,0,0,0,0,0,0,0,0,0,0,0,0,0,0,0,0,0,0,0,0,0,0
Hungary,Kalmar,Midfielder,1,0,217,4,0,0,2,83,122,106,31.8,9,5,5,1,4,1,0,6,2,4,4,3,0,0,0,1,1,5,0
Hungary,Hangya,Defender,0,0,20,1,0,0,0,0,0,0,0,0,0,0,1,0,0,0,2,0,0,0,0,0,0,0,0,1,0,0
Hungary,Korhut,Defender,1,0,450,5,0,0,2,82.4,193,163,10,7,1,8,0,4,3,0,23,6,12,2,1,1,0,0,0,0,2,0
Hungary,Patkai,Midfielder,2,0,313,5,0,0,3,92.8,167,153,0,0,0,6,6,8,3,0,13,2,3,4,2,0,0,0,2,0,0,0
Hungary,Konyves,Forward,0,0,6,1,0,0,1,0,0,0,0,0,0,0,0,0,0,0,0,0,0,0,0,0,0,0,0,0,0,0
Hungary,Feczesin,Forward,0,0,0,0,0,0,0,0,0,0,0,0,0,0,0,0,0,0,0,0,0,0,0,0,0,0,0,0,0,0
Hungary,Balogh,Forward,0,0,0,0,0,0,0,0,0,0,0,0,0,0,0,0,0,0,0,0,0,0,0,0,0,0,0,0,0,0
Hungary,Botka,Defender,0,0,98,2,0,0,0,85.5,92,83,0,0,0,1,1,0,0,0,5,1,3,2,0,1,0,0,1,0,0,0
Hungary,Vida,Midfielder,0,0,180,2,0,0,1,87,96,85,50,1,1,4,0,1,0,0,29,7,23,5,0,1,0,0,2,0,0,0
Hungary,Bese,Defender,0,0,72,3,0,0,2,0,0,0,0,0,0,0,3,2,0,0,1,1,5,0,0,0,0,0,0,0,0,0
Hungary,Szoboszlai,Midfielder,2,0,588,8,0,0,3,84.6,295,245,53,25,16,15,10,6,2,0,17,2,1,13,5,5,0,0,3,0,19,2
Hungary,Ferenczi,Midfielder,0,0,0,0,0,0,0,0,0,0,0,0,0,0,0,0,0,0,0,0,0,0,0,0,0,0,0,0,0,0
Hungary,Schafer,Midfielder,0,0,0,0,0,0,0,0,0,0,0,0,0,0,0,0,0,0,0,0,0,0,0,0,0,0,0,0,0,0
Hungary,Orbán,Defender,3,0,810,9,0,0,2,86.5,487,431,0,0,0,14,8,5,0,0,35,1,43,13,8,5,0,0,0,0,0,0
Hungary,Gulacsi,Goalkeeper,0,13,900,10,30,1,2,70.3,326,235,0,0,0,24,0,0,0,0,0,1,10,0,0,0,0,0,0,0,0,0
Hungary,Lovrencsics,Defender,0,0,689,9,0,0,4,78.9,293,235,30.3,21,6,6,2,9,2,0,38,8,26,4,2,1,0,0,1,0,0,0
Hungary,At. Szalai,Defender,0,0,180,2,0,0,0,86,184,159,50,1,1,8,2,6,1,0,5,1,6,2,0,0,0,0,2,0,0,0
Hungary,Kadar,Defender,0,0,315,4,0,0,0,84,150,127,25,2,1,8,2,4,0,0,19,3,18,3,1,1,0,0,1,0,0,0
Hungary,Varga,Midfielder,0,0,0,0,0,0,0,0,0,0,0,0,0,0,0,0,0,0,0,0,0,0,0,0,0,0,0,0,0,0
Hungary,Dibusz,Goalkeeper,0,0,0,0,0,0,0,0,0,0,0,0,0,0,0,0,0,0,0,0,0,0,0,0,0,0,0,0,0,0
Hungary,Gazdag,Midfielder,0,0,8,1,0,0,0,0,0,0,0,0,0,0,0,2,1,0,2,1,0,0,0,0,0,0,0,0,0,0
Hungary,Nagy,Defender,0,0,90,1,0,0,0,66,61,40,0,1,0,1,2,4,0,0,4,0,2,0,0,0,0,0,0,0,0,0
Hungary,Sallai,Forward,0,0,519,6,0,0,1,79.8,171,134,12.5,16,4,2,18,19,0,0,10,4,5,24,7,8,0,0,9,0,0,0
Hungary,Paulo Vinícius,Defender,0,0,0,0,0,0,0,0,0,0,0,0,0,0,0,0,0,0,0,0,0,0,0,0,0,0,0,0,0,0
Hungary,Holman,Midfielder,1,0,136,3,0,0,1,75.7,55,41,50,3,2,4,2,3,0,0,2,3,1,2,1,0,0,0,1,0,0,0
Hungary,Nikolic,Forward,1,0,49,2,0,0,1,0,0,0,0,0,0,0,0,0,0,0,1,0,0,1,1,0,0,0,0,0,0,0
Hungary,Ad. Szalai,Forward,1,0,863,10,0,0,3,72.2,228,168,0,9,0,1,27,18,1,0,11,4,9,12,6,5,0,0,1,1,0,9
Hungary,Hegedus,Goalkeeper,0,0,0,0,0,0,0,0,0,0,0,0,0,0,0,0,0,0,0,0,0,0,0,0,0,0,0,0,0,0
Hungary,Siger,Midfielder,0,0,123,3,0,0,2,54.7,54,44,16.7,2,1,0,1,1,0,0,8,3,1,1,0,0,0,0,1,0,0,0
Hungary,Holender,Forward,0,0,222,6,0,0,4,89,96,82,0,2,0,1,6,5,0,0,7,7,2,3,2,0,0,0,1,0,0,4
Hungary,Nego,Defender,1,0,6,1,0,0,1,0,0,0,0,0,0,0,0,0,0,0,0,0,0,1,1,0,0,0,0,0,0,0
Hungary,Fiola,Defender,0,0,143,2,0,0,1,82,82,67,25,3,1,0,0,2,0,0,5,1,1,0,0,0,0,0,0,0,0,0
Hungary,Nego,Defender,0,0,20,1,0,0,0,0,0,0,0,0,0,0,1,0,0,0,2,0,0,0,0,0,0,0,0,0,0,0
Hungary,Kovacs,Midfielder,0,0,206,3,0,0,2,84,82,67,33.3,3,1,1,8,5,1,0,8,1,0,4,0,0,0,0,4,0,0,1
Hungary,D. Nagy,Midfielder,0,0,179,4,0,0,2,86.8,35,31,25,1,1,0,7,4,0,0,3,1,1,0,0,0,0,0,0,0,0,0
Hungary,Kovacsik,Goalkeeper,0,0,0,0,0,0,0,0,0,0,0,0,0,0,0,0,0,0,0,0,0,0,0,0,0,0,0,0,0,0
Hungary,Nemeth,Forward,0,0,4,1,0,0,1,0,0,0,0,0,0,0,0,1,1,0,2,0,0,0,0,0,0,0,0,0,0,0
Hungary,Cseri,Midfielder,0,0,0,0,0,0,0,0,0,0,0,0,0,0,0,0,0,0,0,0,0,0,0,0,0,0,0,0,0,0
Hungary,A. Nagy,Midfielder,0,0,651,8,0,0,2,92.1,311,286,0,2,0,13,4,9,3,0,24,1,8,0,0,0,0,0,0,0,0,0
Hungary,Barath,Defender,0,0,540,6,0,0,2,87.2,316,278,0,0,0,9,2,8,2,1,15,3,37,1,0,1,0,0,0,1,0,0
Hungary,Kleinheisler,Midfielder,0,0,287,5,0,0,1,79.6,114,94,0,2,0,4,11,11,3,1,10,1,3,9,3,3,0,0,3,1,0,2
Hungary,Pavkovics,Defender,0,0,0,0,0,0,0,0,0,0,0,0,0,0,0,0,0,0,0,0,0,0,0,0,0,0,0,0,0,0
Hungary,Lang,Defender,0,0,306,4,0,0,1,89.8,185,168,0,0,0,5,1,2,1,0,14,0,21,0,0,0,0,0,0,0,0,0
Hungary,R. Varga,Midfielder,0,0,113,4,0,0,4,59.8,44,27,12.5,9,1,1,2,0,0,0,4,0,1,2,0,2,0,0,0,0,4,0
Hungary,Dzsudzsak,Forward,0,0,563,8,0,0,2,74.6,218,165,55.9,48,30,30,8,7,2,0,12,6,5,21,6,6,0,1,9,2,25,1
Italy,Chiellini,Defender,0,0,270,3,0,0,2,93.7,290,271,33.3,2,1,7,2,2,0,0,12,2,7,3,2,0,0,0,1,0,0,0
Italy,Spinazzola,Defender,0,0,181,3,0,0,3,57.7,118,102,25,10,4,0,0,0,0,0,9,0,1,4,0,3,0,0,1,1,0,1
Italy,Acerbi,Defender,1,0,270,3,0,0,2,94,300,282,33.3,1,1,1,1,1,0,0,19,1,7,2,1,0,0,0,1,0,0,0
Italy,Grifo,Midfielder,0,0,90,1,0,0,1,89,81,72,57,14,8,1,1,0,0,0,4,0,1,0,0,0,0,0,0,1,8,0
Italy,Bonucci,Defender,1,0,780,10,0,0,7,89.1,732,654,0,2,0,8,4,4,1,0,46,1,22,8,1,4,0,0,3,3,0,0
Italy,Florenzi,Defender,0,0,352,4,0,0,2,88.5,239,211,0,4,0,8,1,2,0,0,14,1,8,4,2,2,0,0,0,0,0,0
Italy,Chiesa,Midfielder,1,0,397,6,0,0,3,76.5,144,112,48.3,20,11,0,6,3,0,0,8,1,1,13,4,6,0,2,3,3,0,1
Italy,Luca Pellegrini,Defender,0,0,0,0,0,0,0,0,0,0,0,0,0,0,0,0,0,0,0,0,0,0,0,0,0,0,0,0,0,0
Italy,Izzo,Defender,0,0,122,3,0,0,1,94,84,77,0,0,0,4,1,4,1,0,6,1,7,1,1,0,0,0,0,0,0,0
Italy,Zaniolo,Midfielder,2,0,194,5,0,0,4,74.4,106,95,33.4,5,3,0,3,6,0,0,5,2,2,8,3,2,0,0,3,1,3,0
Italy,Lorenzo Pellegrini,Midfielder,1,0,128,3,0,0,2,93.7,56,51,0,2,0,1,4,1,0,0,4,1,1,6,2,2,0,0,2,0,0,4
Italy,El Shaarawy,Midfielder,1,0,42,2,0,0,2,0,0,0,0,0,0,0,0,1,0,0,0,0,1,4,3,1,0,0,0,1,0,0
Italy,Barella,Midfielder,3,0,651,8,0,0,5,85,314,267,43.8,8,5,4,13,12,1,0,15,3,6,11,6,3,0,0,2,2,0,1
Italy,Immobile,Forward,3,0,325,4,0,0,2,87.8,99,88,0,0,0,0,6,6,0,0,2,1,1,13,6,3,0,1,4,2,0,6
Italy,Quagliarella,Forward,2,0,127,3,0,0,2,84,19,16,33.3,1,1,1,1,0,0,0,2,0,0,11,6,3,1,0,2,1,0,2
Italy,Lasagna,Forward,0,0,7,1,0,0,1,0,0,0,0,0,0,0,0,0,0,0,0,0,0,0,0,0,0,0,0,0,0,0
Italy,D Ambrosio,Defender,0,0,90,1,0,0,1,94,50,47,50,2,1,3,3,3,0,0,6,0,1,1,0,0,0,0,1,0,0,1
Italy,Emerson,Defender,0,0,346,5,0,0,3,88.4,221,190,19.8,26,8,6,1,1,0,0,14,4,5,1,0,1,0,0,0,2,5,1
Italy,De Sciglio,Defender,0,0,46,2,0,0,2,0,0,0,0,0,0,0,0,0,0,0,2,0,0,2,1,1,0,0,0,0,0,0
Italy,Romagnoli,Defender,2,0,360,4,0,0,2,95.5,331,316,0,1,0,0,2,4,0,0,17,1,8,5,2,2,0,0,1,0,0,1
Italy,Insigne,Forward,3,0,356,4,0,0,3,89,192,170,29.3,8,3,3,4,0,0,0,3,0,0,19,9,6,0,0,4,1,0,1
Italy,Kean,Forward,2,0,180,2,0,0,2,77,65,50,66.5,5,3,0,1,0,0,0,1,0,0,8,3,2,1,0,3,0,0,0
Italy,Tonali,Midfielder,0,0,196,3,0,0,2,94,143,133,33.3,4,3,2,1,2,1,0,3,0,1,0,0,0,0,0,0,0,2,0
Italy,Verratti,Midfielder,2,0,616,7,0,0,5,92,779,717,55,15,9,29,13,4,3,0,24,13,4,7,2,4,0,0,1,0,16,1
Italy,Orsolini,Midfielder,1,0,45,1,0,0,0,0,0,0,0,0,0,0,1,0,0,0,1,0,1,4,1,2,0,0,1,1,0,0
Italy,Bernardeschi,Midfielder,2,0,477,8,0,0,6,81.3,241,192,57.1,33,19,2,4,10,1,0,14,0,0,20,9,8,1,0,3,1,21,2
Italy,Jorginho,Midfielder,3,0,777,9,0,0,5,91.2,898,822,11.1,3,2,15,14,9,2,0,38,3,7,8,4,2,0,0,2,1,0,0
Italy,Mandragora,Midfielder,0,0,0,0,0,0,0,0,0,0,0,0,0,0,0,0,0,0,0,0,0,0,0,0,0,0,0,0,0,0
Italy,Donnarumma,Goalkeeper,0,2,448,5,8,0,3,90.6,143,129,0,1,0,3,1,0,1,0,0,0,4,0,0,0,0,0,0,0,1,0
Italy,Cragno,Goalkeeper,0,0,0,0,0,0,0,0,0,0,0,0,0,0,0,0,0,0,0,0,0,0,0,0,0,0,0,0,0,0
Italy,Mancini,Defender,0,0,246,3,0,0,2,89.3,224,203,0,0,0,6,1,5,0,0,13,0,3,2,0,2,0,0,0,0,0,0
Italy,Biraghi,Defender,0,0,267,3,0,0,2,86.3,162,140,27,17,6,3,1,3,0,0,13,1,2,2,1,1,0,0,0,1,1,1
Italy,Pavoletti,Forward,1,0,18,1,0,0,1,0,0,0,0,0,0,0,0,0,0,0,0,0,0,3,2,1,0,0,0,0,0,0
Italy,Piccini,Defender,0,0,90,1,0,0,1,75,44,33,0,0,0,0,0,2,1,0,6,0,6,1,0,1,0,0,0,0,0,0
Italy,Cristante,Midfielder,0,0,90,1,0,0,1,89,107,95,0,0,0,1,1,4,0,0,4,0,0,3,0,1,0,0,2,1,0,0
Italy,Politano,Forward,0,0,90,1,0,0,1,90,50,45,67,9,6,0,0,3,0,0,0,0,0,6,1,1,0,0,4,0,3,0
Italy,Castrovilli,Midfielder,0,0,4,1,0,0,1,0,0,0,0,0,0,0,0,0,0,0,1,0,0,0,0,0,0,0,0,0,0,0
Italy,Meret,Goalkeeper,0,1,13,1,0,0,0,0,0,0,0,0,0,0,0,0,0,0,0,0,0,0,0,0,0,0,0,0,0,0
Italy,Sirigu,Goalkeeper,0,1,437,5,13,0,4,94.6,105,99,0,0,0,7,0,0,0,0,0,1,3,0,0,0,0,0,0,0,0,0
Italy,Belotti,Forward,4,0,389,7,0,0,6,86.7,92,77,23.9,7,3,0,9,8,0,0,9,4,2,13,7,5,0,1,1,3,0,2
Italy,Di Lorenzo,Defender,0,0,180,2,0,0,1,90,107,98,58.5,5,3,2,1,0,0,0,12,0,2,2,0,2,0,0,0,1,0,0
Italy,Gollini,Goalkeeper,0,0,2,1,0,0,1,0,0,0,0,0,0,0,0,0,0,0,0,0,0,0,0,0,0,0,0,0,0,0
Italy,Sensi,Midfielder,1,0,201,3,0,0,2,89,168,151,62.7,16,11,6,5,4,0,0,10,0,0,10,2,4,0,0,4,0,13,0
Netherlands,De Roon,Midfielder,0,0,317,6,0,0,4,88.3,251,218,12.5,5,3,1,3,10,3,0,18,1,3,2,0,2,0,0,0,0,0,1
Netherlands,Blind,Defender,0,0,630,7,0,0,3,88,578,509,53.4,37,19,13,2,8,1,0,31,4,10,3,0,2,0,0,1,1,10,1
Netherlands,F. de Jong,Midfielder,1,0,686,8,0,0,4,93.6,639,601,37.5,4,3,11,9,11,1,0,42,8,2,3,1,2,0,0,0,1,0,0
Netherlands,Vermeer,Goalkeeper,0,0,0,0,0,0,0,0,0,0,0,0,0,0,0,0,0,0,0,0,0,0,0,0,0,0,0,0,0,0
Netherlands,Bizot,Goalkeeper,0,0,0,0,0,0,0,0,0,0,0,0,0,0,0,0,0,0,0,0,0,0,0,0,0,0,0,0,0,0
Netherlands,Weghorst,Forward,0,0,27,1,0,0,1,0,0,0,0,0,0,0,0,1,0,0,1,0,0,1,1,0,0,0,0,0,0,0
Netherlands,Van Dijk,Defender,1,0,630,7,0,0,3,93.9,604,565,0,0,0,13,5,3,0,0,35,0,27,11,2,6,0,0,3,0,0,0
Netherlands,Rosario,Midfielder,0,0,0,0,0,0,0,0,0,0,0,0,0,0,0,0,0,0,0,0,0,0,0,0,0,0,0,0,0,0
Netherlands,Hateboer,Defender,0,0,0,0,0,0,0,0,0,0,0,0,0,0,0,0,0,0,0,0,0,0,0,0,0,0,0,0,0,0
Netherlands,De Jong,Forward,1,0,143,6,0,0,6,70.7,39,32,0,0,0,0,3,1,0,0,1,0,2,6,2,3,0,0,1,0,0,1
Netherlands,Bergwijn,Forward,0,0,314,4,0,0,1,89.3,160,139,22.5,13,5,0,2,1,0,0,7,0,1,5,1,1,0,0,3,1,0,1
Netherlands,Babel,Forward,2,0,426,7,0,0,5,68.4,196,160,45.3,12,7,0,2,4,0,0,9,0,1,13,7,3,0,0,3,1,0,4
Netherlands,Cillessen,Goalkeeper,0,7,720,8,11,0,4,87.5,207,181,0,0,0,4,0,0,0,0,0,0,3,0,0,0,0,0,0,0,0,0
Netherlands,Strootman,Midfielder,0,0,20,2,0,0,2,0,0,0,0,0,0,0,0,0,0,0,3,1,0,0,0,0,0,0,0,1,0,0
Netherlands,Berghuis,Forward,0,0,92,2,0,0,2,88,59,51,33.5,4,2,1,3,1,0,0,3,0,0,2,0,2,1,0,0,0,1,1
Netherlands,Van de Beek,Midfielder,0,0,181,3,0,0,1,85.7,75,64,50,3,2,0,0,2,0,0,3,1,1,3,0,1,0,0,2,0,0,3
Netherlands,Propper,Midfielder,0,0,311,5,0,0,4,88,319,286,0,4,0,0,2,4,0,0,21,4,3,4,1,1,0,0,2,0,0,0
Netherlands,De Ligt,Defender,1,0,720,8,0,0,4,92.8,644,596,6.3,2,1,9,4,8,0,0,37,3,19,6,2,4,0,0,0,1,0,0
Netherlands,Vilhena,Midfielder,0,0,0,0,0,0,0,0,0,0,0,0,0,0,0,0,0,0,0,0,0,0,0,0,0,0,0,0,0,0
Netherlands,Ake,Defender,1,0,100,3,0,0,3,64.3,94,88,0,0,0,0,0,0,0,0,10,2,0,2,2,0,0,0,0,0,0,0
Netherlands,Wijnaldum,Midfielder,8,0,630,7,0,0,3,92.2,327,302,0,2,0,4,7,6,0,0,16,0,3,24,13,6,0,0,5,2,0,1
Netherlands,Kluivert,Forward,0,0,0,0,0,0,0,0,0,0,0,0,0,0,0,0,0,0,0,0,0,0,0,0,0,0,0,0,0,0
Netherlands,De Vrij,Defender,0,0,0,0,0,0,0,0,0,0,0,0,0,0,0,0,0,0,0,0,0,0,0,0,0,0,0,0,0,0
Netherlands,Depay,Forward,6,0,495,6,0,0,3,78,273,214,58.5,42,23,12,13,6,2,0,4,1,0,25,13,8,0,0,4,8,20,2
Netherlands,Promes,Midfielder,0,0,458,6,0,0,3,87.8,312,273,47.7,26,15,3,2,2,0,0,18,1,4,11,4,2,0,0,5,2,6,0
Netherlands,Malen,Forward,1,0,209,4,0,0,1,80.8,76,64,35.8,9,4,1,2,3,0,0,4,0,1,6,3,1,0,0,2,1,0,0
Netherlands,Veltman,Defender,0,0,270,3,0,0,2,82.3,199,161,44.3,7,3,9,4,5,2,0,16,3,4,2,1,1,0,0,0,0,0,1
Netherlands,Zoet,Goalkeeper,0,0,0,0,0,0,0,0,0,0,0,0,0,0,0,0,0,0,0,0,0,0,0,0,0,0,0,0,0,0
Netherlands,Dumfries,Defender,0,0,294,4,0,0,1,82.5,150,122,28.8,12,5,3,8,10,0,0,9,2,2,3,1,1,0,0,1,0,0,1
Netherlands,Tete,Defender,0,0,22,1,0,0,1,0,0,0,0,0,0,0,0,0,0,0,0,0,0,0,0,0,0,0,0,0,0,0
Netherlands,Stengs,Forward,0,0,90,1,0,0,1,75,67,50,71,7,5,1,1,0,0,0,1,0,0,2,2,0,0,0,0,2,3,0
Netherlands,Van Aanholt,Defender,0,0,90,1,0,0,1,92,65,60,0,4,0,1,1,0,0,0,7,1,0,4,1,3,0,0,0,0,0,1
Netherlands,Boadu,Forward,1,0,45,1,0,0,1,0,0,0,0,0,0,0,2,1,0,0,1,0,0,3,2,0,0,0,1,0,0,0
NorthMacedonia,Mladenovski,Defender,0,0,45,1,0,0,0,0,0,0,0,0,0,0,1,0,0,0,3,1,3,0,0,0,0,0,0,0,0,0
NorthMacedonia,Avramovski,Forward,0,0,39,2,0,0,2,0,0,0,0,0,0,0,1,0,0,0,4,0,1,0,0,0,0,0,0,0,0,0
NorthMacedonia,Doriev,Forward,0,0,0,0,0,0,0,0,0,0,0,0,0,0,0,0,0,0,0,0,0,0,0,0,0,0,0,0,0,0
NorthMacedonia,Bogatinov,Goalkeeper,0,0,0,0,0,0,0,0,0,0,0,0,0,0,0,0,0,0,0,0,0,0,0,0,0,0,0,0,0,0
NorthMacedonia,Markoski,Forward,0,0,9,2,0,0,1,0,0,0,0,0,0,0,0,0,0,0,0,0,0,1,0,1,0,0,0,0,0,0
NorthMacedonia,Spirovski,Midfielder,0,0,310,6,0,0,3,81.5,133,112,16.7,1,1,3,11,4,1,0,20,2,4,6,2,1,0,0,3,0,0,0
NorthMacedonia,Nestorovski,Forward,0,0,788,11,0,0,4,66.6,221,160,18.2,2,2,1,21,15,5,0,7,3,4,19,3,8,0,0,8,1,0,10
NorthMacedonia,Kostadinov,Midfielder,0,0,188,4,0,0,2,58,74,61,41.8,4,3,3,11,12,2,0,23,5,10,2,0,3,0,0,0,0,0,0
NorthMacedonia,Zajkov,Defender,0,0,73,4,0,0,2,0,0,0,0,0,0,0,0,1,1,0,1,0,7,1,1,0,0,0,0,0,0,0
NorthMacedonia,Ademi,Midfielder,1,0,508,7,0,0,4,88.4,213,189,0,1,0,7,7,4,2,0,30,2,11,5,2,0,0,0,3,1,0,2
NorthMacedonia,Iliev,Goalkeeper,0,0,0,0,0,0,0,0,0,0,0,0,0,0,0,0,0,0,0,0,0,0,0,0,0,0,0,0,0,0
NorthMacedonia,D. Velkovski,Defender,1,0,882,10,0,0,3,82,392,320,0,3,0,17,10,8,1,0,84,4,50,2,1,1,0,0,0,0,0,0
NorthMacedonia,Gjorgjev,Midfielder,0,0,0,0,0,0,0,0,0,0,0,0,0,0,0,0,0,0,0,0,0,0,0,0,0,0,0,0,0,0
NorthMacedonia,Alioski,Midfielder,1,0,899,10,0,0,2,73.9,406,305,48.3,56,25,26,21,19,2,0,37,6,13,15,4,4,0,0,7,3,19,5
NorthMacedonia,Elmas,Midfielder,4,0,930,11,0,0,3,82.2,375,314,18.2,4,2,4,19,15,1,0,26,3,4,24,11,5,0,0,8,1,0,4
NorthMacedonia,Pandev,Forward,2,0,822,11,0,0,6,74.5,268,199,4.5,5,1,4,29,5,2,0,11,0,1,16,8,5,0,0,3,2,0,2
NorthMacedonia,Dimitrievski,Goalkeeper,0,14,1080,12,41,0,3,56.3,334,192,0,2,0,50,2,0,1,0,0,0,22,0,0,0,0,0,0,0,0,0
NorthMacedonia,Bozinovski,Goalkeeper,0,0,0,0,0,0,0,0,0,0,0,0,0,0,0,0,0,0,0,0,0,0,0,0,0,0,0,0,0,0
NorthMacedonia,Churlinov,Midfielder,0,0,0,0,0,0,0,0,0,0,0,0,0,0,0,0,0,0,0,0,0,0,0,0,0,0,0,0,0,0
NorthMacedonia,S. Ristovski,Defender,0,0,865,10,0,0,3,76.2,356,274,30,24,11,16,9,8,2,0,37,8,18,2,0,2,0,0,0,1,0,0
NorthMacedonia,Nikolov,Midfielder,1,0,841,11,0,0,3,84.3,240,202,10.6,10,4,13,10,19,5,0,40,9,11,9,5,2,0,0,2,0,4,1
NorthMacedonia,Radeski,Forward,0,0,46,3,0,0,2,0,0,0,0,0,0,0,0,0,0,0,0,0,0,0,0,0,0,0,0,0,0,0
NorthMacedonia,Musliu,Defender,0,0,895,10,0,0,3,86.4,275,239,0,0,0,11,7,19,5,1,44,1,31,1,0,1,0,0,0,0,0,0
NorthMacedonia,Dimitrievski,Goalkeeper,0,14,1080,12,41,0,3,56.3,334,192,0,2,0,50,2,0,1,0,0,0,22,0,0,0,0,0,0,0,0,0
NorthMacedonia,Tosevski,Defender,0,0,75,2,0,0,0,0,0,0,0,0,0,0,0,0,0,0,2,2,1,0,0,0,0,0,0,0,0,0
NorthMacedonia,Totre,Midfielder,0,0,0,0,0,0,0,0,0,0,0,0,0,0,0,0,0,0,0,0,0,0,0,0,0,0,0,0,0,0
NorthMacedonia,Trajkovski,Forward,0,0,236,8,0,0,6,82.8,88,72,6.3,11,3,0,4,2,0,0,2,0,0,5,3,1,0,0,1,0,5,0
NorthMacedonia,K. Velkovski,Forward,0,0,0,0,0,0,0,0,0,0,0,0,0,0,0,0,0,0,0,0,0,0,0,0,0,0,0,0,0,0
NorthMacedonia,Hasani,Midfielder,0,0,52,2,0,0,2,0,0,0,0,0,0,0,0,1,0,0,0,0,0,2,1,0,0,0,1,0,0,0
NorthMacedonia,Stoilov,Midfielder,0,0,2,1,0,0,1,0,0,0,0,0,0,0,0,0,0,0,0,0,0,0,0,0,0,0,0,0,0,0
NorthMacedonia,Trickovski,Forward,0,0,125,4,0,0,3,50,17,13,0,0,0,0,2,1,0,0,1,0,1,2,1,1,0,0,0,0,0,0
NorthMacedonia,Ristevski,Defender,0,0,544,9,0,0,3,70.7,249,195,0,0,0,5,6,1,0,0,30,6,28,1,1,0,0,0,0,0,0,0
NorthMacedonia,Bejtulai,Defender,0,0,681,8,0,0,2,79.5,205,164,18.8,4,2,9,9,10,4,0,28,2,27,1,0,1,0,0,0,0,0,1
NorthMacedonia,Stojanovski,Forward,1,0,137,2,0,0,1,68,36,25,0,0,0,0,1,0,0,0,0,0,0,4,2,2,0,0,0,0,0,0
NorthMacedonia,Bardi,Midfielder,2,0,803,9,0,0,2,81,455,373,41.6,36,21,49,17,11,3,0,32,4,5,23,6,11,1,1,6,2,22,1
NorthMacedonia,Siskovski,Goalkeeper,0,0,0,0,0,0,0,0,0,0,0,0,0,0,0,0,0,0,0,0,0,0,0,0,0,0,0,0,0,0
Poland,Bereszynski,Defender,0,0,540,6,0,0,5,82.5,254,209,29.2,9,3,5,3,6,2,0,19,3,21,1,0,0,0,0,1,0,0,1
Poland,Blaszczykowski,Midfielder,0,0,67,3,0,0,3,0,0,0,0,0,0,0,1,1,0,0,4,1,0,1,0,0,0,0,1,1,2,0
Poland,Majecki,Goalkeeper,0,0,0,0,0,0,0,0,0,0,0,0,0,0,0,0,0,0,0,0,0,0,0,0,0,0,0,0,0,0
Poland,Gumny,Defender,0,0,0,0,0,0,0,0,0,0,0,0,0,0,0,0,0,0,0,0,0,0,0,0,0,0,0,0,0,0
Poland,Szymanski,Midfielder,1,0,327,0,0,0,0,74,121,95,55.2,16,8,5,0,0,0,0,10,2,0,9,3,0,0,1,2,0,0,0
Poland,Bednarek,Defender,0,0,810,9,0,0,6,89.5,424,382,0,0,0,9,2,10,2,0,40,4,65,5,0,4,0,0,1,0,0,0
Poland,Milik,Forward,1,0,87,4,0,0,4,0,0,0,0,0,0,0,2,4,0,0,5,2,1,2,1,1,0,0,0,1,0,1
Poland,Lewandowski,Forward,6,0,837,10,0,0,7,78,272,213,35,8,6,4,21,21,0,0,11,1,6,28,10,9,0,1,9,2,0,0
Poland,Skorupski,Goalkeeper,0,0,0,0,0,0,0,0,0,0,0,0,0,0,0,0,0,0,0,0,0,0,0,0,0,0,0,0,0,0
Poland,Kownacki,Forward,0,0,72,2,0,0,2,0,0,0,0,0,0,0,1,0,0,0,2,0,2,0,0,0,0,0,0,0,0,0
Poland,Bielik,Defender,0,0,200,3,0,0,2,86.7,95,83,0,2,0,5,6,7,2,0,6,3,1,2,0,2,0,0,0,0,0,0
Poland,Zielinski,Midfielder,0,0,868,10,0,0,7,78.1,444,349,37.2,39,23,14,9,5,0,0,22,2,3,19,5,9,1,0,5,1,16,1
Poland,K. Piatek,Forward,4,0,413,8,0,0,7,67.6,103,80,12.5,4,1,1,8,7,1,0,3,0,5,16,7,7,0,1,2,0,0,1
Poland,Szczesny,Goalkeeper,0,3,540,6,11,0,4,82.3,178,146,0,0,0,15,0,0,0,0,0,0,7,0,0,0,0,0,0,0,0,0
Poland,Furman,Midfielder,0,0,6,1,0,0,0,0,0,0,0,0,0,0,0,0,0,0,1,0,0,0,0,0,0,0,0,0,0,0
Poland,Linetty,Midfielder,0,0,0,0,0,0,0,0,0,0,0,0,0,0,0,0,0,0,0,0,0,0,0,0,0,0,0,0,0,0
Poland,Szymanski,Midfielder,0,0,0,0,0,0,0,74,121,95,55.2,16,8,5,0,0,0,0,10,2,0,9,3,0,0,1,2,0,0,0
Poland,Kedzior,Forward,1,0,13,1,0,0,1,0,0,0,0,0,0,0,0,0,0,0,0,0,0,1,1,0,0,0,0,0,1,0
Poland,Krychowiak,Midfielder,1,0,894,10,0,0,8,87.2,594,519,25,10,5,23,25,25,3,0,57,9,10,22,6,7,0,0,9,0,0,1
Poland,Cionek,Defender,0,0,0,0,0,0,0,0,0,0,0,0,0,0,0,0,0,0,0,0,0,0,0,0,0,0,0,0,0,0
Poland,Frankowski,Midfielder,1,0,216,6,0,0,5,75.2,73,53,16.7,7,1,0,2,4,0,0,5,1,2,4,3,1,0,0,0,0,0,1
Poland,Goralski,Midfielder,1,0,196,4,0,0,3,69,114,99,0,1,0,3,6,5,0,0,17,9,2,1,1,0,0,0,0,0,0,0
Poland,Jedrzejczyk,Defender,0,0,83,1,0,0,0,0,0,0,0,0,0,0,2,0,0,0,2,0,5,1,0,1,0,0,0,0,0,0
Poland,Rybus,Defender,0,0,101,2,0,0,2,80,92,78,0,1,0,0,1,2,0,0,4,2,2,1,0,0,0,0,1,0,0,0
Poland,Grosicki,Midfielder,1,0,699,9,0,0,7,72.8,274,199,44.7,71,33,13,3,6,0,0,12,0,5,15,8,5,0,0,2,3,30,9
Poland,Fabianski,Goalkeeper,0,2,360,4,16,0,3,83.5,89,74,0,0,0,9,0,0,0,0,0,0,1,0,0,0,0,0,0,0,0,0
Poland,Jozwiak,Midfielder,0,0,4,1,0,0,1,0,0,0,0,0,0,0,0,0,0,0,1,0,0,0,0,0,0,0,0,0,0,2
Poland,Kaminski,Defender,0,0,0,0,0,0,0,0,0,0,0,0,0,0,0,0,0,0,0,0,0,0,0,0,0,0,0,0,0,0
Poland,Gikiewicz,Goalkeeper,0,0,0,0,0,0,0,0,0,0,0,0,0,0,0,0,0,0,0,0,0,0,0,0,0,0,0,0,0,0
Poland,Kedziora,Defender,0,0,766,9,0,0,6,81.2,425,354,41.2,24,12,12,5,13,2,0,13,5,18,2,1,1,0,0,0,2,0,0
Poland,Reca,Defender,0,0,370,5,0,0,3,84.2,226,185,25,14,5,2,4,7,2,0,15,0,4,0,0,0,0,0,0,1,0,1
Poland,Pazdan,Defender,0,0,181,3,0,0,2,60.7,123,112,0,0,0,1,0,2,0,0,12,1,4,0,0,0,0,0,0,0,0,0
Poland,Klich,Midfielder,0,0,479,8,0,0,6,85.8,316,284,28.1,7,5,15,7,9,2,0,27,1,9,3,0,1,0,0,2,0,0,0
Poland,Piszczek,Defender,0,0,44,1,0,0,0,0,0,0,0,0,0,0,0,1,0,0,1,0,1,1,0,1,0,0,0,0,0,0
Poland,Glik,Defender,1,0,727,9,0,0,8,78.8,337,302,0,2,0,10,4,8,1,0,26,4,51,5,3,2,0,0,0,0,0,0
Portugal,Guerreiro,Defender,0,0,630,7,0,0,3,88.7,482,427,42.4,34,16,11,4,6,0,0,44,0,5,8,2,4,0,0,2,1,8,0
Portugal,Ruben Semedo,Defender,0,0,0,0,0,0,0,0,0,0,0,0,0,0,0,0,0,0,0,0,0,0,0,0,0,0,0,0,0,0
Portugal,Pepe,Defender,0,0,360,4,0,0,2,92.3,299,275,25,3,1,9,5,3,2,0,34,0,10,6,1,5,0,0,0,0,0,1
Portugal,Ferro,Defender,0,0,0,0,0,0,0,0,0,0,0,0,0,0,0,0,0,0,0,0,0,0,0,0,0,0,0,0,0,0
Portugal,Bruma,Forward,0,0,46,2,0,0,2,0,0,0,0,0,0,0,1,1,0,0,1,0,0,3,1,0,0,0,2,0,0,0
Portugal,Ricardo,Defender,0,0,180,2,0,0,2,81,137,114,30,8,3,1,0,1,0,0,12,2,4,0,0,0,0,0,0,1,0,0
Portugal,Domingos Duarte,Defender,0,0,0,0,0,0,0,0,0,0,0,0,0,0,0,0,0,0,0,0,0,0,0,0,0,0,0,0,0,0
Portugal,Podence,Midfielder,0,0,0,0,0,0,0,0,0,0,0,0,0,0,0,0,0,0,0,0,0,0,0,0,0,0,0,0,0,0
Portugal,Daniel Carrico,Defender,0,0,0,0,0,0,0,0,0,0,0,0,0,0,0,0,0,0,0,0,0,0,0,0,0,0,0,0,0,0
Portugal,Nélson Semedo,Defender,0,0,245,3,0,0,2,90.7,173,157,66.7,13,6,0,2,4,0,0,12,0,4,1,0,1,0,0,0,0,0,0
Portugal,Rui Patrício,Goalkeeper,0,6,720,8,14,0,4,90.8,149,132,0,0,0,9,0,1,0,0,0,0,0,0,0,0,0,0,0,0,0,0
Portugal,Joao Cancelo,Defender,0,0,295,4,0,0,1,82.5,245,197,15.8,29,6,5,4,5,0,0,25,0,4,2,0,2,0,0,0,0,0,0
Portugal,Dyego Sousa,Forward,0,0,74,2,0,0,1,0,0,0,0,0,0,0,1,2,0,0,1,0,1,4,2,2,0,0,0,0,0,0
Portugal,Joao Mario,Midfielder,0,0,73,3,0,0,2,0,0,0,0,0,0,0,2,0,0,0,4,1,0,1,1,0,0,0,0,0,0,1
Portugal,Bernardo Silva,Midfielder,3,0,682,8,0,0,4,86.8,526,459,54.8,38,17,6,12,6,1,0,18,1,0,13,7,2,0,0,4,6,31,2
Portugal,Goncalo Guedes,Midfielder,2,0,145,5,0,0,3,80.2,71,58,31.6,8,3,0,4,5,0,0,2,0,1,3,2,1,0,0,0,0,0,0
Portugal,Beto,Goalkeeper,0,0,0,0,0,0,0,0,0,0,0,0,0,0,0,0,0,0,0,0,0,0,0,0,0,0,0,0,0,0
Portugal,Jose Sa,Goalkeeper,0,0,0,0,0,0,0,0,0,0,0,0,0,0,0,0,0,0,0,0,0,0,0,0,0,0,0,0,0,0
Portugal,Fonte,Defender,0,0,360,4,0,0,2,90.8,276,252,0,0,0,6,3,6,0,0,27,1,16,3,1,2,0,0,0,0,0,0
Portugal,Pizzi,Midfielder,1,0,213,4,0,0,4,91.8,207,186,49.3,28,20,1,5,1,0,0,12,1,0,4,1,1,0,0,2,0,10,1
Portugal,Bruno Fernandes,Midfielder,1,0,426,6,0,0,4,82.5,386,320,37.7,20,7,7,5,2,0,0,17,2,1,15,4,5,0,0,6,1,3,0
Portugal,Goncalo Paciencia,Forward,1,0,90,1,0,0,1,83,23,19,0,0,0,0,1,3,0,0,3,0,0,9,4,3,0,0,2,1,0,1
Portugal,William Carvalho,Midfielder,2,0,360,4,0,0,1,93.5,295,275,0,3,0,5,3,5,1,0,12,1,2,8,2,4,0,0,2,0,0,1
Portugal,Diogo Jota,Forward,0,0,26,2,0,0,2,0,0,0,0,0,0,0,0,1,0,0,0,0,0,2,0,1,0,0,1,1,0,1
Portugal,Andre Silva,Forward,0,0,177,3,0,0,3,86.3,61,53,16.7,2,1,0,5,1,0,0,2,0,0,3,2,0,0,0,1,0,0,1
Portugal,Andre Gomes,Midfielder,0,0,0,0,0,0,0,0,0,0,0,0,0,0,0,0,0,0,0,0,0,0,0,0,0,0,0,0,0,0
Portugal,Rafa Silva,Forward,0,0,146,3,0,0,2,90.3,83,72,50,5,3,0,1,0,0,0,3,0,0,3,2,0,0,0,1,1,1,0
Portugal,Eder,Forward,0,0,0,0,0,0,0,0,0,0,0,0,0,0,0,0,0,0,0,0,0,0,0,0,0,0,0,0,0,0
Portugal,Ruben Dias,Defender,0,0,720,8,0,0,4,92.8,535,497,12.5,1,1,9,12,5,2,0,32,3,18,3,0,1,0,0,2,1,0,0
Portugal,Joao Felix,Forward,0,0,243,4,0,0,2,84,87,74,43.8,6,4,0,2,1,0,0,4,0,0,11,5,3,0,0,3,0,0,2
Portugal,Renato Sanches,Midfielder,0,0,0,0,0,0,0,0,0,0,0,0,0,0,0,0,0,0,0,0,0,0,0,0,0,0,0,0,0,0
Portugal,Rúben Neves,Midfielder,0,0,244,5,0,0,4,85.6,232,215,0,1,0,4,0,1,0,0,11,0,2,2,0,1,0,0,1,0,4,0
Portugal,Ronaldo,Forward,11,0,642,8,0,0,4,85.6,274,234,18.3,15,5,10,7,9,0,0,9,0,2,65,28,18,0,0,19,0,0,4
Portugal,Danilo,Midfielder,1,0,450,5,0,0,2,91.2,312,285,0,0,0,9,6,7,0,0,35,4,6,9,3,5,1,0,1,0,0,0
Portugal,Joao Moutinho,Midfielder,0,0,283,6,0,0,5,91,245,216,22.8,17,8,3,2,5,0,0,9,0,2,1,0,1,0,0,0,0,14,0
Portugal,Mario Rui,Defender,0,0,90,1,0,0,1,88,60,53,43,7,3,0,2,0,0,0,6,0,0,2,1,1,0,0,0,0,0,0
Russia,Dzhanaev,Goalkeeper,0,0,0,0,0,0,0,0,0,0,0,0,0,0,0,0,0,0,0,0,0,0,0,0,0,0,0,0,0,0
Russia,Dzyuba,Forward,9,0,865,10,0,0,7,72.7,281,204,30,6,4,0,9,19,0,0,6,1,9,50,22,16,1,0,12,5,0,12
Russia,Golovin,Midfielder,2,0,661,8,0,0,6,82.4,461,378,64.3,72,45,18,14,9,3,1,14,4,2,33,9,15,0,0,9,5,46,2
Russia,Guilherme,Goalkeeper,0,8,810,9,13,0,6,83.7,206,170,0,0,0,9,2,0,0,0,0,0,6,0,0,0,0,0,0,0,0,0
Russia,Lunev,Goalkeeper,0,0,0,0,0,0,0,0,0,0,0,0,0,0,0,0,0,0,0,0,0,0,0,0,0,0,0,0,0,0
Russia,Barinov,Midfielder,0,0,144,4,0,0,4,86.3,109,95,25,1,1,1,1,4,1,0,4,2,4,2,0,1,0,0,1,0,0,0
Russia,Z. Bakaev,Midfielder,0,0,143,3,0,0,2,74.7,98,74,33.3,6,2,0,3,4,0,0,4,1,0,4,1,1,0,0,2,0,0,1
Russia,Shunin,Goalkeeper,0,0,90,1,1,0,1,100,15,15,0,0,0,0,0,0,0,0,0,0,0,0,0,0,0,0,0,0,0,0
Russia,Zobnin,Midfielder,0,0,336,6,0,0,4,89.7,244,219,25,7,2,2,5,5,1,0,21,0,4,2,0,2,0,0,0,0,0,0
Russia,S. Petrov,Defender,1,0,217,3,0,0,2,95,157,150,55.7,4,3,1,3,1,1,0,16,1,8,2,1,1,0,0,0,2,0,0
Russia,Gazinski,Midfielder,0,0,90,1,0,0,1,93,67,62,0,1,0,0,1,1,0,0,1,0,2,0,0,0,0,0,0,0,0,0
Russia,Chistyakov,Defender,0,0,0,0,0,0,0,0,0,0,0,0,0,0,0,0,0,0,0,0,0,0,0,0,0,0,0,0,0,0
Russia,Aleksei Miranchuk,Midfielder,1,0,259,5,0,0,4,80.6,213,178,57.6,19,12,5,5,2,0,0,11,0,0,14,5,9,0,0,0,0,16,1
Russia,Ignatyev,Defender,0,0,29,1,0,0,1,0,0,0,0,0,0,0,0,0,0,0,0,0,0,1,1,0,0,0,0,0,2,0
Russia,Belyaev,Defender,0,0,90,1,0,0,1,95,97,92,0,0,0,3,0,1,0,0,7,0,3,2,0,2,0,0,0,0,0,0
Russia,Dzhikiya,Defender,1,0,900,10,0,0,7,90.7,626,571,10,5,1,23,3,14,0,0,48,4,24,10,2,5,1,1,3,0,0,0
Russia,Fomin,Midfielder,0,0,0,0,0,0,0,0,0,0,0,0,0,0,0,0,0,0,0,0,0,0,0,0,0,0,0,0,0,0
Russia,Mirzov,Midfielder,0,0,0,0,0,0,0,0,0,0,0,0,0,0,0,0,0,0,0,0,0,0,0,0,0,0,0,0,0,0
Russia,Chalov,Forward,0,0,34,2,0,0,1,0,0,0,0,0,0,0,1,1,0,0,0,0,0,0,0,0,0,0,0,0,0,1
Russia,Sobolev,Forward,0,0,0,0,0,0,0,0,0,0,0,0,0,0,0,0,0,0,0,0,0,0,0,0,0,0,0,0,0,0
Russia,Zhirkov,Midfielder,0,0,386,5,0,0,2,76.2,162,124,19.6,20,6,0,4,2,0,0,7,2,8,8,2,2,0,0,4,1,3,2
Russia,Nababkin,Defender,0,0,90,1,0,0,0,91,54,49,0,0,0,3,0,3,0,0,6,1,2,0,0,0,0,0,0,0,0,0
Russia,Mogilevets,Midfielder,0,0,0,0,0,0,0,0,0,0,0,0,0,0,0,0,0,0,0,0,0,0,0,0,0,0,0,0,0,0
Russia,Akhmetov,Midfielder,0,0,299,7,0,0,6,93.7,212,191,21.4,3,2,1,4,6,1,0,15,4,2,4,1,3,0,0,0,0,0,1
Russia,Ionov,Midfielder,2,0,597,9,0,0,7,84.5,273,229,44.5,28,17,3,4,4,0,0,20,0,1,11,5,5,0,0,1,1,7,3
Russia,Kudryashov,Defender,1,0,755,9,0,0,7,82.5,542,448,47.2,24,13,7,5,9,1,0,39,4,16,3,1,2,0,0,0,1,0,1
Russia,Chernov,Defender,0,0,0,0,0,0,0,0,0,0,0,0,0,0,0,0,0,0,0,0,0,0,0,0,0,0,0,0,0,0
Russia,Kambolov,Midfielder,0,0,0,0,0,0,0,0,0,0,0,0,0,0,0,0,0,0,0,0,0,0,0,0,0,0,0,0,0,0
Russia,Erokhin,Midfielder,0,0,10,1,0,0,1,0,0,0,0,0,0,0,0,0,0,0,1,0,2,1,0,1,0,0,0,0,0,0
Russia,Mario Fernandes,Defender,1,0,720,8,0,0,5,87.4,429,377,42.3,29,16,2,6,3,0,0,32,2,15,12,3,4,0,0,5,1,0,0
Russia,Smolov,Forward,2,0,43,2,0,0,1,0,0,0,0,0,0,0,1,2,0,0,2,0,0,4,2,2,0,0,0,0,0,0
Russia,Ozdoev,Midfielder,2,0,779,9,0,0,7,87.1,697,611,38.9,21,8,16,9,10,1,0,55,3,9,13,5,5,0,0,3,1,0,0
Russia,Schennikov,Defender,0,0,0,0,0,0,0,0,0,0,0,0,0,0,0,0,0,0,0,0,0,0,0,0,0,0,0,0,0,0
Russia,Cheryshev,Midfielder,5,0,323,5,0,0,4,67,150,103,37.4,42,18,3,1,5,1,0,4,0,0,14,8,4,0,0,2,3,12,0
Russia,Neustadter,Defender,0,0,0,0,0,0,0,0,0,0,0,0,0,0,0,0,0,0,0,0,0,0,0,0,0,0,0,0,0,0
Russia,Kuzyaev,Midfielder,1,0,173,4,0,0,2,83.3,177,158,37.5,4,2,0,2,5,0,0,10,1,0,3,3,0,0,0,0,2,0,1
Russia,Semenov,Defender,0,0,720,8,0,0,6,92.5,576,533,12.5,1,1,11,4,2,0,0,58,0,26,1,0,1,0,0,0,0,0,0
Russia,Anton Miranchuk,Midfielder,1,0,245,4,0,0,3,77,146,115,16.5,8,2,0,1,3,0,0,6,0,1,9,2,5,0,0,1,1,1,2
Russia,Karavaev,Defender,0,0,53,1,0,0,4,76,235,194,47.3,9,6,2,1,2,1,0,16,0,6,0,0,0,0,0,0,0,0,0
Russia,Komlichenko,Forward,1,0,39,3,0,0,3,0,0,0,0,0,0,0,0,2,0,0,0,0,0,4,3,1,0,0,0,0,0,0
Scotland,Porteous,Defender,0,0,0,0,0,0,0,0,0,0,0,0,0,0,0,0,0,0,0,0,0,0,0,0,0,0,0,0,0,0
Scotland,Morgan,Midfielder,0,0,0,0,0,0,0,0,0,0,0,0,0,0,0,0,0,0,0,0,0,0,0,0,0,0,0,0,0,0
Scotland,Burke,Forward,1,0,273,6,0,0,3,71.5,77,52,16.7,5,1,0,1,1,0,0,7,1,3,6,1,5,0,1,0,0,0,0
Scotland,Considine,Defender,0,0,0,0,0,0,0,0,0,0,0,0,0,0,0,0,0,0,0,0,0,0,0,0,0,0,0,0,0,0
Scotland,McKenna,Defender,0,0,540,6,0,0,1,85.5,338,291,0,0,0,4,1,5,1,0,24,1,33,6,2,1,0,0,3,0,0,0
Scotland,Devlin,Defender,0,0,181,3,0,0,2,54,127,110,0,0,0,2,0,5,0,0,8,0,6,2,0,1,0,0,1,0,0,0
Scotland,Marshall,Goalkeeper,0,17,870,9,30,0,1,57.1,272,154,0,0,0,33,0,0,0,0,0,0,13,0,0,0,0,0,0,0,0,0
Scotland,Kelly,Goalkeeper,0,0,0,0,0,0,0,0,0,0,0,0,0,0,0,0,0,0,0,0,0,0,0,0,0,0,0,0,0,0
Scotland,Dykes,Forward,0,0,172,2,0,0,2,43.5,55,24,0,2,0,0,3,3,0,0,1,1,1,0,0,0,0,0,0,0,0,1
Scotland,Shankland,Forward,1,0,182,3,0,0,2,75.3,58,44,50,3,2,0,1,2,0,0,3,0,0,8,2,2,0,0,4,0,0,0
Scotland,McLean,Midfielder,1,0,432,7,0,0,3,88.4,300,275,0,1,0,7,6,5,1,0,27,6,8,6,1,3,0,0,2,0,0,0
Scotland,Gallagher,Defender,0,0,420,4,0,0,1,83.5,209,178,0,0,0,3,1,8,2,0,26,0,28,1,0,1,0,0,0,0,0,0
Scotland,Snodgrass,Midfielder,0,0,180,2,0,0,0,71.5,83,61,31,10,3,7,2,5,0,0,5,1,0,3,0,2,0,0,1,0,4,1
Scotland,Bain,Goalkeeper,0,3,180,2,4,0,1,97,40,38,0,0,0,2,0,0,0,0,0,0,0,0,0,0,0,0,0,0,0,0
Scotland,Mulgrew,Defender,0,0,450,5,0,0,0,85.8,221,190,0,1,0,4,3,1,0,0,19,2,39,3,2,1,0,0,0,0,0,0
Scotland,Christie,Midfielder,2,0,485,0,0,0,0,77,241,191,39.9,50,29,16,0,0,0,0,0,0,0,17,9,3,0,0,5,0,0,0
Scotland,Griffiths,Forward,0,0,4,1,0,0,1,0,0,0,0,0,0,0,0,0,0,0,0,0,0,0,0,0,0,0,0,0,0,0
Scotland,Bates,Defender,0,0,180,2,0,0,1,94,154,144,0,0,0,3,1,2,0,0,17,0,7,1,0,1,0,0,0,0,0,0
Scotland,McNulty,Forward,0,0,62,2,0,0,2,0,0,0,0,0,0,0,0,2,0,0,1,0,0,4,1,1,0,0,2,0,0,0
Scotland,Armstrong,Midfielder,1,0,248,8,0,0,5,83.8,135,108,6.3,5,1,3,1,3,0,0,8,2,2,6,4,0,0,0,2,0,1,0
Scotland,Cairney,Midfielder,0,0,0,0,0,0,0,0,0,0,0,0,0,0,0,0,0,0,0,0,0,0,0,0,0,0,0,0,0,0
Scotland,Robby McCrorie,Goalkeeper,0,0,0,0,0,0,0,0,0,0,0,0,0,0,0,0,0,0,0,0,0,0,0,0,0,0,0,0,0,0
Scotland,Fleck,Midfielder,0,0,88,2,0,0,1,0,0,0,0,0,0,0,1,2,1,0,6,0,1,0,0,0,0,0,0,0,0,0
Scotland,Tierney,Defender,0,0,120,1,0,0,0,86,50,43,0,1,0,0,1,0,0,0,4,0,8,0,0,0,0,0,0,0,0,0
Scotland,Gordon,Goalkeeper,0,0,0,0,0,0,0,0,0,0,0,0,0,0,0,0,0,0,0,0,0,0,0,0,0,0,0,0,0,0
Scotland,Paterson,Forward,0,0,100,3,0,0,2,79.3,15,12,0,1,0,0,0,4,1,0,0,1,2,2,1,1,0,0,0,0,0,0
Scotland,Palmer,Midfielder,0,0,450,5,0,0,1,77,305,237,34,15,8,6,2,2,1,0,28,3,7,3,0,1,0,0,2,0,1,1
Scotland,Fraser,Midfielder,0,0,433,6,0,0,2,79.2,227,179,45.8,52,25,6,13,5,1,0,7,3,3,7,2,1,0,0,4,1,12,0
Scotland,Cooper,Defender,0,0,300,3,0,0,1,91.3,152,140,0,1,0,4,2,1,1,0,12,1,20,2,0,2,0,1,0,0,0,0
Scotland,McGinn,Midfielder,7,0,757,10,0,0,2,80.4,257,205,18,14,7,5,2,2,0,0,5,2,5,7,2,3,0,0,2,2,4,0
Scotland,Naismith,Forward,1,0,139,2,0,0,0,91,42,38,0,0,0,1,8,1,0,0,1,0,1,5,2,1,0,0,2,0,0,2
Scotland,Findlay,Defender,1,0,90,1,0,0,1,100,62,62,0,0,0,0,0,3,0,0,4,0,0,1,1,0,0,0,0,1,0,0
Scotland,McBurnie,Forward,0,0,290,5,0,0,2,58.6,97,57,50,4,3,0,6,5,0,0,3,0,5,2,0,0,0,0,2,0,0,0
Scotland,Russell,Forward,1,0,219,5,0,0,3,89.6,59,50,40,3,2,1,6,3,0,0,6,0,0,6,2,2,0,0,2,0,0,0
Scotland,Forrest,Midfielder,0,0,527,8,0,0,2,73.4,217,162,27.9,17,7,1,5,5,0,0,10,2,4,12,4,3,0,0,5,1,1,0
Scotland,Jack,Midfielder,0,0,383,4,0,0,1,85,187,161,25,1,1,3,4,6,0,0,22,1,7,4,1,2,0,0,1,0,0,0
Scotland,Phillips,Midfielder,0,0,89,2,0,0,1,0,0,0,0,0,0,0,1,2,0,0,1,0,1,2,1,1,0,0,0,0,0,0
Scotland,MacGillivray,Goalkeeper,0,0,0,0,0,0,0,0,0,0,0,0,0,0,0,0,0,0,0,0,0,0,0,0,0,0,0,0,0,0
Scotland,McLaughlin,Goalkeeper,0,0,90,1,2,0,1,77,13,10,0,0,0,0,0,0,0,0,0,0,0,0,0,0,0,0,0,0,0,0
Scotland,Shinnie,Defender,0,0,90,1,0,0,0,83,63,52,0,0,0,2,4,1,1,0,6,1,1,0,0,0,0,0,0,0,0,1
Scotland,O Donnell,Defender,0,0,679,7,0,0,2,81.3,322,269,7.2,15,2,2,1,9,1,0,22,3,18,5,2,1,0,0,2,0,0,1
Scotland,McGregor,Midfielder,0,0,1061,12,0,0,3,92.3,597,550,27.8,24,9,12,9,7,2,0,58,3,4,13,2,4,0,0,7,1,10,0
Scotland,Robertson,Defender,1,0,780,8,0,0,3,82.9,541,454,31.5,46,21,21,5,2,0,0,38,1,39,6,2,3,0,0,1,0,4,0
Scotland,Brophy,Forward,0,0,73,1,0,0,1,0,0,0,0,0,0,0,1,1,0,0,0,0,0,1,0,1,0,0,0,0,0,2
Scotland,Souttar,Defender,0,0,0,0,0,0,0,0,0,0,0,0,0,0,0,0,0,0,0,0,0,0,0,0,0,0,0,0,0,0
Scotland,McTominay,Midfielder,0,0,653,9,0,0,4,86,339,285,0,5,0,10,10,15,4,0,35,5,18,11,2,7,1,0,2,1,0,0
Scotland,Taylor,Defender,0,0,270,3,0,0,1,81,153,120,53.3,6,4,3,4,2,1,0,15,2,8,0,0,0,0,0,0,2,0,0
Scotland,McGregor,Midfielder,0,0,1061,12,0,0,3,92.3,597,550,27.8,24,9,12,9,7,2,0,58,3,4,13,2,4,0,0,7,1,10,0
Slovakia,Mraz,Midfielder,0,0,48,2,0,0,1,0,0,0,0,0,0,0,1,0,0,0,1,0,0,0,0,0,0,0,0,0,0,0
Slovakia,Stetina,Defender,0,0,0,0,0,0,0,0,0,0,0,0,0,0,0,0,0,0,0,0,0,0,0,0,0,0,0,0,0,0
Slovakia,Kucka,Midfielder,3,0,878,10,0,0,3,80.8,511,417,10,9,2,9,24,21,2,0,41,0,16,27,9,13,0,0,5,1,0,1
Slovakia,Hrosovsky,Midfielder,0,0,186,3,0,0,2,79,139,121,0,1,0,1,2,1,0,0,11,0,2,3,0,2,0,0,1,0,0,0
Slovakia,Koscelnik,Defender,0,0,0,0,0,0,0,0,0,0,0,0,0,0,0,0,0,0,0,0,0,0,0,0,0,0,0,0,0,0
Slovakia,Bozenik,Forward,3,0,441,7,0,0,2,71.9,72,55,0,1,0,1,10,10,0,0,4,4,3,14,8,5,0,0,1,0,0,5
Slovakia,Mak,Midfielder,1,0,647,9,0,0,3,86.9,212,184,11.1,6,2,0,5,6,3,1,11,1,4,17,10,4,0,0,3,1,2,5
Slovakia,Kuciak,Goalkeeper,0,0,0,0,0,0,0,0,0,0,0,0,0,0,0,0,0,0,0,0,0,0,0,0,0,0,0,0,0,0
Slovakia,Siplak,Defender,0,0,0,0,0,0,0,0,0,0,0,0,0,0,0,0,0,0,0,0,0,0,0,0,0,0,0,0,0,0
Slovakia,Hamsik,Midfielder,3,0,941,10,0,0,3,87.2,859,752,32.6,37,18,24,6,5,3,0,31,0,3,12,6,4,0,0,2,1,12,1
Slovakia,Haraslín,Midfielder,0,0,191,7,0,0,5,81.6,71,58,14.3,7,2,2,8,4,1,0,8,4,0,5,1,1,0,0,3,0,4,2
Slovakia,Kozacik,Goalkeeper,0,0,0,0,0,0,0,0,0,0,0,0,0,0,0,0,0,0,0,0,0,0,0,0,0,0,0,0,0,0
Slovakia,Valjent,Defender,0,0,210,2,0,0,1,72.5,93,73,0,1,0,2,1,1,0,0,4,0,7,0,0,0,0,0,0,0,0,1
Slovakia,Duda,Midfielder,1,0,458,7,0,0,5,87,234,203,14.3,2,1,1,9,12,2,0,7,0,5,7,4,2,0,0,1,2,1,1
Slovakia,Suslov,Midfielder,0,0,0,0,0,0,0,0,0,0,0,0,0,0,0,0,0,0,0,0,0,0,0,0,0,0,0,0,0,0
Slovakia,Holec,Goalkeeper,0,0,0,0,0,0,0,0,0,0,0,0,0,0,0,0,0,0,0,0,0,0,0,0,0,0,0,0,0,0
Slovakia,Mazan,Defender,0,0,120,1,0,0,1,89,61,54,100,1,1,0,1,1,0,0,5,0,2,0,0,0,0,0,0,0,0,0
Slovakia,Stoch,Midfielder,0,0,32,2,0,0,2,0,0,0,0,0,0,0,0,0,1,0,1,0,0,1,0,0,0,0,1,0,0,0
Slovakia,Hamsik,Midfielder,3,0,941,10,0,0,3,87.2,859,752,32.6,37,18,24,6,5,3,0,31,0,3,12,6,4,0,0,2,1,12,1
Slovakia,Jakubech,Goalkeeper,0,0,0,0,0,0,0,0,0,0,0,0,0,0,0,0,0,0,0,0,0,0,0,0,0,0,0,0,0,0
Slovakia,Bero,Midfielder,0,0,90,1,0,0,1,93,30,28,0,1,0,2,3,1,0,0,1,0,0,3,1,1,0,0,1,0,0,1
Slovakia,Schranz,Forward,0,0,0,0,0,0,0,0,0,0,0,0,0,0,0,0,0,0,0,0,0,0,0,0,0,0,0,0,0,0
Slovakia,Spalek,Forward,0,0,0,0,0,0,0,0,0,0,0,0,0,0,0,0,0,0,0,0,0,0,0,0,0,0,0,0,0,0
Slovakia,Gyomber,Defender,0,0,188,4,0,0,3,59,179,166,0,0,0,4,2,6,2,1,17,2,12,0,0,0,0,0,0,0,0,0
Slovakia,Safranko,Forward,0,0,8,3,0,0,3,0,0,0,0,0,0,0,0,0,0,0,0,0,0,0,0,0,0,0,0,0,0,0
Slovakia,Mihalík,Midfielder,0,0,74,2,0,0,2,0,0,0,0,0,0,0,4,1,0,0,2,0,1,0,0,0,0,0,0,0,0,1
Slovakia,Benes,Midfielder,0,0,0,0,0,0,0,0,0,0,0,0,0,0,0,0,0,0,0,0,0,0,0,0,0,0,0,0,0,0
Slovakia,Satka,Defender,0,0,210,2,0,0,0,80,106,91,0,1,0,4,0,3,1,0,7,0,9,0,0,0,0,0,0,0,0,0
Slovakia,Pauschek,Defender,0,0,0,0,0,0,0,0,0,0,0,0,0,0,0,0,0,0,0,0,0,0,0,0,0,0,0,0,0,0
Slovakia,Lobotka,Midfielder,1,0,779,9,0,0,3,92.6,583,544,22.2,4,2,10,15,10,1,0,32,2,4,2,1,1,0,0,0,2,0,0
Slovakia,Rodak,Goalkeeper,0,1,240,2,6,0,1,63.5,72,46,0,0,0,16,3,0,1,0,0,0,12,0,0,0,0,0,0,0,0,0
Slovakia,Rusnak,Midfielder,1,0,761,9,0,0,2,85.3,304,264,73,32,24,9,6,8,0,0,20,1,6,11,4,6,0,0,1,1,16,4
Slovakia,Greif,Goalkeeper,0,0,0,0,0,0,0,0,0,0,0,0,0,0,0,0,0,0,0,0,0,0,0,0,0,0,0,0,0,0
Slovakia,Chrien,Midfielder,0,0,0,0,0,0,0,0,0,0,0,0,0,0,0,0,0,0,0,0,0,0,0,0,0,0,0,0,0,0
Slovakia,Dubravka,Goalkeeper,0,11,720,8,38,0,2,81,223,178,0,0,0,15,2,0,1,0,0,0,8,0,0,0,0,0,0,0,0,0
Slovakia,Gregus,Midfielder,0,0,60,4,0,0,4,0,0,0,0,0,0,0,2,0,0,0,3,0,0,1,0,0,0,0,1,0,0,0
Slovakia,Duris,Forward,1,0,141,6,0,0,3,82.2,46,40,16.7,3,1,0,0,7,1,0,3,2,0,3,2,0,0,0,1,0,0,1
Slovakia,Hancko,Defender,1,0,720,8,0,0,2,84.9,320,275,25.4,19,6,8,2,6,0,0,22,4,15,6,3,3,1,0,0,0,0,3
Slovakia,Skriniar,Defender,0,0,840,9,0,0,2,95,692,658,0,0,0,10,10,13,2,0,44,1,35,3,1,1,0,0,1,0,0,0
Slovakia,Vavro,Defender,0,0,652,7,0,0,2,86.6,392,342,7.2,3,1,18,3,5,3,0,28,3,51,3,0,2,0,0,1,1,0,0
Slovakia,Pekarík,Defender,0,0,779,8,0,0,3,83.1,361,300,61.6,24,15,6,5,4,0,0,32,3,18,7,2,2,0,0,3,0,0,4
Slovakia,Ninaj,Defender,0,0,0,0,0,0,0,0,0,0,0,0,0,0,0,0,0,0,0,0,0,0,0,0,0,0,0,0,0,0
Slovakia,Hubocan,Defender,0,0,120,1,0,0,0,83,53,44,100,1,1,0,0,0,0,0,10,0,9,0,0,0,0,0,0,0,0,0
Spain,Gaya,Defender,1,0,360,4,0,0,3,91.3,315,287,48.8,34,18,2,3,1,0,0,15,0,1,4,1,1,0,0,2,2,1,1
Spain,Pau Lopez,Goalkeeper,0,0,90,1,0,0,1,100,4,4,0,0,0,0,0,0,0,0,0,0,0,0,0,0,0,0,0,0,0,0
Spain,Santi Cazorla,Midfielder,1,0,236,4,0,0,2,88.5,268,244,48.5,17,11,4,4,0,0,0,10,1,1,8,3,2,1,0,3,1,17,0
Spain,Parejo,Midfielder,0,0,256,3,0,0,2,91,271,247,84.3,15,12,6,7,2,0,0,5,1,2,8,2,3,0,0,3,0,13,1
Spain,Suso,Midfielder,0,0,68,1,0,0,1,0,0,0,0,0,0,0,0,0,0,0,1,0,0,3,0,1,0,0,2,0,4,0
Spain,Ramos,Defender,4,0,701,9,0,0,5,94.2,775,730,44.5,4,4,15,6,4,3,0,31,6,20,23,9,10,0,0,4,0,0,0
Spain,Pau Torres,Defender,1,0,30,1,0,0,1,0,0,0,0,0,0,0,0,0,0,0,1,0,0,1,1,0,0,0,0,0,0,0
Spain,Hermoso,Defender,0,0,276,4,0,0,3,95.3,252,236,0,0,0,3,2,3,0,0,10,4,10,4,3,1,0,0,0,1,0,0
Spain,Rodri,Midfielder,0,0,476,7,0,0,4,94,533,498,21.4,6,3,9,6,8,1,0,42,2,4,7,4,1,0,0,2,0,2,0
Spain,Mata,Forward,0,0,1,1,0,0,1,0,0,0,0,0,0,0,0,0,0,0,0,0,0,0,0,0,0,0,0,0,0,0
Spain,Luis Alberto,Midfielder,0,0,0,0,0,0,0,0,0,0,0,0,0,0,0,0,0,0,0,0,0,0,0,0,0,0,0,0,0,0
Spain,Sergi Gomez,Defender,0,0,0,0,0,0,0,0,0,0,0,0,0,0,0,0,0,0,0,0,0,0,0,0,0,0,0,0,0,0
Spain,Alcacer,Forward,3,0,174,4,0,0,3,74,46,34,0,0,0,3,0,0,0,0,3,0,0,15,7,5,0,1,3,1,0,1
Spain,Inigo Martinez,Defender,0,0,360,5,0,0,2,95,372,350,0,0,0,12,8,5,1,0,18,2,8,2,0,1,0,0,1,0,0,0
Spain,Albiol,Defender,0,0,298,4,0,0,2,94,260,245,0,0,0,3,2,2,0,0,24,2,18,1,0,0,0,0,1,0,0,0
Spain,Oyarzabal,Forward,2,0,300,6,0,0,5,86.3,114,98,38.2,13,9,2,1,1,0,0,5,0,5,7,4,2,0,0,1,1,7,1
Spain,Unai Nunez,Defender,0,0,6,1,0,0,1,0,0,0,0,0,0,0,0,0,0,0,0,0,0,0,0,0,0,0,0,0,0,0
Spain,Saul Niguez,Midfielder,1,0,335,4,0,0,2,92.5,268,248,50,3,2,1,3,9,1,0,18,1,2,13,2,9,0,0,2,0,0,0
Spain,Asensio,Midfielder,0,0,279,4,0,0,3,86.3,205,178,46.5,20,9,1,0,2,0,0,3,0,1,16,7,4,0,0,5,1,11,1
Spain,Reguilón,Defender,0,0,0,0,0,0,0,0,0,0,0,0,0,0,0,0,0,0,0,0,0,0,0,0,0,0,0,0,0,0
Spain,Sergi Roberto,Midfielder,0,0,180,2,0,0,1,92,207,190,25,4,2,3,4,0,0,0,8,0,0,1,0,0,0,0,1,0,0,0
Spain,Diego Llorente,Defender,0,0,126,3,0,0,2,95.3,92,87,0,0,0,0,0,4,0,1,10,1,5,1,0,0,0,0,1,0,0,0
Spain,Rodrigo,Forward,4,0,447,7,0,0,4,67.6,135,102,7.2,5,1,1,1,6,1,0,1,1,2,18,6,5,0,0,7,0,1,6
Spain,Bernat,Defender,0,0,324,4,0,0,3,89.5,250,225,55.8,13,7,3,7,1,0,0,8,2,3,2,1,0,0,0,1,1,0,1
Spain,Jesus Navas,Defender,2,0,484,7,0,0,3,85.4,429,371,34.9,63,23,1,1,3,1,0,18,1,11,4,2,2,0,0,0,1,0,5
Spain,Thiago Alcantara,Midfielder,0,0,246,3,0,0,2,92,288,266,86.7,9,7,5,6,5,1,0,6,3,2,6,2,1,0,0,3,3,8,0
Spain,Fabian Ruiz,Midfielder,1,0,466,6,0,0,3,94.8,510,483,45.8,13,8,7,2,1,2,0,16,0,2,14,4,7,1,1,3,2,6,0
Spain,Carvajal,Defender,0,0,351,4,0,0,3,90.5,366,331,49.5,31,15,2,4,1,0,0,13,4,3,4,1,0,0,0,3,1,0,0
Spain,Morata,Forward,4,0,439,6,0,0,4,85.5,131,112,25,8,3,0,10,6,0,0,3,0,3,17,11,5,0,0,1,0,0,5
Spain,Isco,Midfielder,0,0,164,2,0,0,1,89,137,122,60,10,6,0,4,2,0,0,1,0,0,8,2,5,0,1,1,2,8,1
Spain,Gerard Moreno,Forward,3,0,236,3,0,0,2,87,133,114,50,4,2,0,1,4,0,0,8,0,2,16,4,6,0,0,6,4,0,0
Spain,Olmo,Midfielder,1,0,24,1,0,0,1,0,0,0,0,0,0,0,0,0,0,0,0,0,0,3,3,0,0,0,0,0,1,0
Spain,De Gea,Goalkeeper,0,2,240,3,8,0,1,87.3,58,48,0,0,0,5,1,0,0,0,0,0,3,0,0,0,0,0,0,0,0,0
Spain,Canales,Midfielder,0,0,106,2,0,0,2,91,129,122,83.5,7,5,2,1,1,0,0,7,0,1,2,0,1,0,0,1,0,6,0
Spain,Sarabia,Midfielder,1,0,126,3,0,0,3,75.3,119,97,37,15,6,1,2,1,0,0,5,0,0,9,2,5,0,0,2,0,6,0
Spain,Sergio Busquets,Midfielder,0,0,450,5,0,0,2,92.8,416,387,0,0,0,9,11,8,2,0,33,8,7,3,1,1,0,0,1,2,0,0
Spain,Kepa,Goalkeeper,0,3,570,7,10,0,4,92.3,170,156,0,0,0,11,0,1,2,0,0,1,1,0,0,0,0,0,0,0,0,0
Spain,Jordi Alba,Defender,0,0,270,3,0,0,1,87.3,235,204,41,15,7,3,4,1,1,0,7,0,8,1,1,0,0,0,0,2,0,1
Spain,Ceballos,Midfielder,0,0,304,4,0,0,1,87.8,230,202,81.8,12,9,2,8,4,2,0,7,1,1,4,0,1,0,0,3,0,9,0
Spain,Muniain,Forward,0,0,34,1,0,0,1,0,0,0,0,0,0,0,1,0,0,0,1,0,0,0,0,0,0,0,0,0,0,0
Spain,Aspas,Forward,0,0,56,1,0,0,0,0,0,0,0,0,0,0,1,0,0,0,1,0,0,2,0,1,0,0,1,1,0,0
Sweden,Nordfeldt,Goalkeeper,0,0,90,1,2,0,1,89,18,16,0,0,0,3,0,0,0,0,0,0,0,0,0,0,0,0,0,0,0,0
Sweden,Johnsson,Goalkeeper,0,0,0,0,0,0,0,0,0,0,0,0,0,0,0,0,0,0,0,0,0,0,0,0,0,0,0,0,0,0
Sweden,J. Johansson,Midfielder,0,0,63,1,0,0,0,0,0,0,0,0,0,0,1,2,0,0,7,1,3,0,0,0,0,0,0,0,1,0
Sweden,Guidetti,Forward,1,0,30,2,0,0,2,0,0,0,0,0,0,0,0,0,0,0,1,0,1,2,2,0,0,0,0,0,0,2
Sweden,Karlsson,Defender,0,0,0,0,0,0,0,0,0,0,0,0,0,0,0,0,0,0,0,0,0,0,0,0,0,0,0,0,0,0
Sweden,Helander,Defender,0,0,450,5,0,0,2,90.4,272,247,0,1,0,4,5,6,1,0,24,1,26,2,0,2,0,0,0,1,0,0
Sweden,Gagliolo,Defender,0,0,90,1,0,0,1,76,63,48,20,5,1,0,0,1,0,0,9,0,3,2,0,1,0,0,1,0,0,0
Sweden,Granqvist,Defender,0,0,630,7,0,0,3,87.9,397,360,0,0,0,16,5,4,0,0,32,0,35,3,2,0,0,0,1,1,0,0
Sweden,Bengtsson,Defender,0,0,450,5,0,0,3,76.8,230,182,49,30,15,6,4,3,0,0,13,1,13,3,2,0,0,0,1,1,14,0
Sweden,Olsen,Goalkeeper,0,9,810,9,23,0,4,64.1,201,125,0,0,0,28,0,0,0,0,0,0,12,0,0,0,0,0,0,0,0,0
Sweden,Claesson,Midfielder,3,0,297,4,0,0,2,84.3,120,96,18.8,7,2,0,6,2,1,0,9,0,1,10,4,4,0,0,2,1,0,0
Sweden,Svanberg,Midfielder,1,0,90,1,0,0,1,91,77,70,67,6,4,0,1,2,1,0,3,0,0,4,1,1,0,0,2,1,4,0
Sweden,Kulusevski,Midfielder,0,0,25,1,0,0,1,0,0,0,0,0,0,0,0,0,0,0,0,0,0,1,1,0,0,0,0,0,2,0
Sweden,Larsson,Forward,0,0,0,0,0,0,0,0,0,0,0,0,0,0,0,0,0,0,0,0,0,0,0,0,0,0,0,0,0,0
Sweden,Lustig,Defender,0,0,609,8,0,0,5,76.4,376,297,29,22,8,5,1,3,0,0,27,1,18,2,1,1,0,0,0,1,0,0
Sweden,Forsberg,Midfielder,1,0,608,7,0,0,3,86.7,286,249,37.4,31,17,18,7,3,0,0,10,0,2,21,7,6,0,0,8,2,20,2
Sweden,Isak,Forward,3,0,361,10,0,0,6,62.8,107,82,2.5,4,1,0,5,3,0,0,9,0,6,14,6,4,0,0,4,0,0,3
Sweden,Fransson,Midfielder,0,0,0,0,0,0,0,0,0,0,0,0,0,0,0,0,0,0,0,0,0,0,0,0,0,0,0,0,0,0
Sweden,Jansson,Defender,0,0,270,3,0,0,2,94.3,177,168,0,0,0,5,2,3,1,0,12,2,17,2,1,0,0,0,1,0,0,0
Sweden,Milosevic,Defender,0,0,0,0,0,0,0,0,0,0,0,0,0,0,0,0,0,0,0,0,0,0,0,0,0,0,0,0,0,0
Sweden,Danielson,Defender,1,0,180,2,0,0,2,90,141,127,20,5,2,1,1,4,0,0,6,0,9,2,2,0,0,0,0,1,0,0
Sweden,Andersson,Forward,1,0,91,5,0,0,4,59.8,19,14,0,2,0,0,0,3,0,0,1,0,0,3,1,2,0,0,0,0,0,0
Sweden,Berg,Forward,2,0,687,9,0,0,5,75.2,223,172,11.1,2,1,1,18,21,1,0,16,0,5,18,11,6,0,0,1,3,0,4
Sweden,Krafth,Defender,0,0,201,3,0,0,1,82.3,110,91,52.3,18,9,2,3,2,1,0,3,0,11,3,1,1,0,0,1,0,0,0
Sweden,Durmaz,Midfielder,0,0,17,1,0,0,1,0,0,0,0,0,0,0,1,0,0,0,1,0,0,0,0,0,0,0,0,0,0,0
Sweden,Sema,Midfielder,0,0,65,1,0,0,1,0,0,0,0,0,0,0,0,0,0,0,0,0,1,1,0,0,0,0,1,0,1,1
Sweden,Svensson,Midfielder,0,0,134,7,0,0,0,99.4,76,75,0,0,0,4,1,5,1,0,5,0,2,1,1,0,0,0,0,0,0,0
Sweden,Quaison,Midfielder,5,0,758,9,0,0,5,78.9,178,146,22.2,6,2,2,20,17,1,0,11,1,4,25,11,7,0,0,7,3,0,4
Sweden,Tinnerholm,Defender,0,0,0,0,0,0,0,0,0,0,0,0,0,0,0,0,0,0,0,0,0,0,0,0,0,0,0,0,0,0
Sweden,Tankovic,Forward,0,0,90,1,0,0,1,78,49,38,25,4,1,0,0,2,0,0,2,0,0,2,2,0,0,0,0,0,0,0
Sweden,Lindelof,Defender,1,0,360,4,0,0,2,90.5,241,219,0,1,0,12,4,3,1,0,21,1,13,2,1,1,0,0,0,0,0,1
Sweden,Ekdal,Midfielder,0,0,612,8,0,0,5,86.4,292,256,0,1,0,7,11,10,1,0,41,2,17,7,0,3,1,1,4,1,0,0
Sweden,Olsson,Midfielder,0,0,813,10,0,0,5,82.5,535,490,43.4,11,7,7,13,14,2,0,42,4,4,7,2,4,0,0,1,0,1,0
Sweden,Papagiannopoulos,Defender,0,0,0,0,0,0,0,0,0,0,0,0,0,0,0,0,0,0,0,0,0,0,0,0,0,0,0,0,0,0
Sweden,S. Larsson,Midfielder,2,0,659,9,0,0,4,77.9,358,287,28.3,28,11,19,10,14,2,0,24,2,16,7,3,2,0,0,2,2,7,0
Sweden,Hult,Defender,0,0,0,0,0,0,0,0,0,0,0,0,0,0,0,0,0,0,0,0,0,0,0,0,0,0,0,0,0,0
Sweden,Augustinsson,Defender,0,0,360,4,0,0,1,84.3,130,111,74.5,22,15,3,3,3,0,0,10,1,12,3,1,1,0,0,1,0,7,1
Switzerland,Xhaka,Midfielder,2,0,693,8,0,0,5,83.3,145,121,18.3,9,3,15,8,7,2,0,6,0,3,3,0,2,0,0,1,1,32,0
Switzerland,Fernandes,Midfielder,1,0,237,4,0,0,4,96.3,133,127,50,3,3,2,0,1,0,0,10,1,3,8,3,2,0,0,3,0,0,1
Switzerland,Drmic,Forward,0,0,3,1,0,0,1,0,0,0,0,0,0,0,0,0,0,0,0,0,0,1,0,1,0,0,0,0,1,0
Switzerland,Mbabu,Defender,0,0,201,3,0,0,0,80,118,89,41.7,17,6,2,3,4,1,0,6,1,6,1,0,1,0,0,0,0,0,0
Switzerland,Itten,Forward,3,0,109,2,0,0,1,63,32,21,8.5,6,1,0,0,1,0,0,1,0,0,13,5,4,0,0,4,1,0,0
Switzerland,Zakaria,Midfielder,2,0,690,8,0,0,5,88.8,343,308,43.8,11,5,2,7,7,2,0,30,3,4,13,5,4,0,0,4,1,0,0
Switzerland,Rodríguez,Defender,1,0,672,8,0,0,5,31.6,60,25,0,1,0,0,4,4,2,0,4,5,4,1,0,1,0,0,0,0,29,1
Switzerland,Klose,Defender,0,0,0,0,0,0,0,0,0,0,0,0,0,0,0,0,0,0,0,0,0,0,0,0,0,0,0,0,0,0
Switzerland,Benito,Defender,1,0,200,3,0,0,1,80,112,91,39,12,7,2,0,7,0,0,10,3,5,9,3,5,1,0,1,1,0,3
Switzerland,Schar,Defender,1,0,450,5,0,0,3,84.8,317,270,20,1,1,14,6,4,1,0,20,2,16,11,1,8,0,1,2,1,1,0
Switzerland,Omlin,Goalkeeper,0,0,0,0,0,0,0,0,0,0,0,0,0,0,0,0,0,0,0,0,0,0,0,0,0,0,0,0,0,0
Switzerland,M. Lang,Defender,0,0,90,1,0,0,0,88,93,82,56,16,9,0,0,0,0,0,0,0,1,2,1,0,0,0,1,1,0,1
Switzerland,Mehmedi,Forward,1,0,221,5,0,0,4,91.4,116,97,60.6,23,13,2,0,2,0,0,3,0,1,9,3,3,0,0,3,2,3,1
Switzerland,Mvogo,Goalkeeper,0,0,0,0,0,0,0,0,0,0,0,0,0,0,0,0,0,0,0,0,0,0,0,0,0,0,0,0,0,0
Switzerland,Akanji,Defender,0,0,605,7,0,0,4,91.3,446,409,0,1,0,13,9,6,2,0,42,2,18,4,1,2,0,0,1,0,0,0
Switzerland,Embolo,Forward,1,0,493,6,0,0,3,65.5,112,73,8.3,3,1,0,13,5,1,0,1,0,2,10,2,6,0,0,2,2,0,3
Switzerland,Fassnacht,Midfielder,1,0,102,2,0,0,1,92,41,36,0,1,0,0,0,1,0,0,2,0,1,5,2,3,0,0,0,1,0,2
Switzerland,Freuler,Midfielder,1,0,295,5,0,0,2,80.4,128,107,20,4,2,3,5,5,0,0,9,1,5,4,1,1,0,0,2,0,2,0
Switzerland,Moubandje,Defender,0,0,0,0,0,0,0,0,0,0,0,0,0,0,0,0,0,0,0,0,0,0,0,0,0,0,0,0,0,0
Switzerland,Comert,Defender,0,0,25,1,0,0,0,0,0,0,0,0,0,0,1,0,0,0,1,0,1,0,0,0,0,0,0,0,0,0
Switzerland,Al. Ajeti,Forward,0,0,266,5,0,0,5,77.8,52,44,0,0,0,0,7,4,0,0,7,0,0,8,5,1,0,0,2,1,0,0
Switzerland,Seferovic,Forward,1,0,270,3,0,0,1,77,77,59,16.7,5,1,1,1,1,0,0,2,1,4,10,2,2,0,0,6,0,0,1
Switzerland,Widmer,Defender,0,0,0,0,0,0,0,0,0,0,0,0,0,0,0,0,0,0,0,0,0,0,0,0,0,0,0,0,0,0
Switzerland,Gavranovic,Forward,1,0,95,2,0,0,2,85.5,14,12,0,0,0,0,0,1,0,0,0,0,1,5,1,4,0,0,0,0,0,2
Switzerland,Vargas,Midfielder,1,0,179,3,0,0,2,94,90,84,43.3,7,5,0,3,3,0,0,5,0,0,5,4,1,0,0,0,1,0,4
Switzerland,Zuber,Midfielder,1,0,180,2,0,0,1,79,101,80,16.5,4,1,0,3,2,0,0,12,1,1,7,1,3,0,0,3,1,0,0
Switzerland,Sow,Midfielder,0,0,48,4,0,0,2,0,0,0,0,0,0,0,1,1,0,0,2,0,1,1,0,1,0,0,0,0,0,0
Switzerland,Steffen,Midfielder,0,0,123,4,0,0,4,78.8,81,65,10,10,2,1,4,5,1,0,4,1,0,4,0,2,0,0,2,1,0,0
Switzerland,Aebischer,Midfielder,0,0,5,1,0,0,1,0,0,0,0,0,0,0,0,0,0,0,1,0,0,0,0,0,0,0,0,0,0,0
Switzerland,Elvedi,Defender,0,0,630,7,0,0,3,91.4,549,504,14.3,5,2,19,7,5,1,0,35,3,19,3,0,1,0,0,2,0,0,0
Switzerland,Lichtsteiner,Defender,0,0,318,4,0,0,4,72.5,199,148,36.3,23,8,1,10,6,1,0,14,3,5,2,0,1,0,0,1,0,0,1
Switzerland,Sommer,Goalkeeper,0,6,720,8,15,0,4,90.4,256,227,0,0,0,14,0,0,0,0,0,0,7,0,0,0,0,0,0,0,0,0
Turkey,Ozan Kabak,Defender,0,0,90,1,0,0,1,92,118,109,0,1,0,0,0,3,0,0,8,0,0,1,0,1,0,0,0,0,0,0
Turkey,Burak Yilmaz,Forward,1,0,628,7,0,0,5,73.6,213,158,14.3,6,2,0,23,14,1,0,2,1,3,15,6,9,0,0,0,1,0,9
Turkey,Mert Cetin,Defender,0,0,10,1,0,0,1,0,0,0,0,0,0,0,0,0,0,0,1,0,0,0,0,0,0,0,0,0,0,0
Turkey,Cengiz under,Forward,1,0,166,2,0,0,2,74,55,41,45,10,5,3,3,0,1,0,0,0,1,5,2,2,0,0,1,0,6,0
Turkey,Guven Yalcin,Forward,0,0,50,2,0,0,2,0,0,0,0,0,0,0,0,0,0,0,0,0,0,4,1,1,0,0,2,0,0,0
Turkey,Kenan Karaman,Forward,0,0,340,5,0,0,3,69.8,73,53,30,4,2,0,9,4,1,0,4,0,2,3,2,0,0,0,1,0,0,2
Turkey,Okay Yokuslu,Midfielder,0,0,225,3,0,0,3,86,130,114,0,0,0,2,3,8,2,0,20,3,7,0,0,0,0,0,0,0,0,0
Turkey,Gokhan Gonul,Defender,0,0,45,1,0,0,1,0,0,0,0,0,0,0,1,0,0,0,1,1,0,0,0,0,0,0,0,0,0,0
Turkey,Kaan Ayhan,Defender,3,0,625,9,0,0,7,91.6,490,460,33.3,3,3,11,1,4,3,0,34,4,20,4,3,1,0,0,0,0,0,0
Turkey,Nazim Sangare,Defender,0,0,90,1,0,0,1,84,61,51,0,4,0,0,4,2,0,0,4,0,0,0,0,0,0,0,0,0,0,0
Turkey,Cenk Tosun,Forward,5,0,459,6,0,0,6,66.2,125,88,12.5,5,3,1,7,6,2,0,4,1,5,26,12,10,0,1,4,1,0,3
Turkey,Oguzhan ozyakup,Midfielder,0,0,0,0,0,0,0,0,0,0,0,0,0,0,0,0,0,0,0,0,0,0,0,0,0,0,0,0,0,0
Turkey,Ugurcan Cakir,Goalkeeper,0,0,90,1,0,0,1,76,17,13,0,0,0,4,1,0,0,0,0,0,1,0,0,0,0,0,0,0,0,0
Turkey,Yunus Malli,Midfielder,0,0,0,0,0,0,0,0,0,0,0,0,0,0,0,0,0,0,0,0,0,0,0,0,0,0,0,0,0,0
Turkey,Merih Demiral,Defender,0,0,890,10,0,0,8,90.4,703,643,0,0,0,28,7,15,2,0,48,8,52,7,3,4,0,0,0,1,0,0
Turkey,Abdulkadir omur,Midfielder,0,0,28,2,0,0,2,0,0,0,0,0,0,0,2,1,0,0,0,0,0,1,0,0,0,0,1,0,0,0
Turkey,Umut Merac,Defender,0,0,421,5,0,0,4,88.6,276,246,70.2,17,12,5,5,2,0,0,21,1,10,0,0,0,0,0,0,0,0,0
Turkey,Efecan Karaca,Midfielder,0,0,12,1,0,0,1,0,0,0,0,0,0,0,1,0,0,0,0,0,0,0,0,0,0,0,0,0,0,0
Turkey,omer Bayram,Defender,0,0,91,2,0,0,2,40.5,67,54,0,5,0,1,2,1,0,0,2,0,1,1,1,0,0,0,0,1,0,0
Turkey,Hasan Ali Kaldirim,Defender,1,0,360,4,0,0,3,84.8,162,137,25,3,1,1,4,3,0,0,15,3,9,1,1,0,0,0,0,0,0,1
Turkey,Mahmut Tekdemir,Midfielder,0,0,540,6,0,0,5,92,274,251,0,0,0,11,23,3,1,0,34,6,11,2,1,1,0,0,0,0,0,1
Turkey,Irfan Can Kahveci,Midfielder,0,0,427,6,0,0,4,86,250,213,32.5,12,7,2,8,4,1,0,14,4,1,3,0,1,0,0,2,1,2,0
Turkey,Dorukhan Tokoz,Midfielder,1,0,370,5,0,0,4,72,156,129,0,2,0,0,3,5,1,0,13,3,2,5,1,2,0,0,2,2,0,0
Turkey,Altay Bayindir,Goalkeeper,0,0,0,0,0,0,0,0,0,0,0,0,0,0,0,0,0,0,0,0,0,0,0,0,0,0,0,0,0,0
Turkey,Sinan Bolat,Goalkeeper,0,0,0,0,0,0,0,0,0,0,0,0,0,0,0,0,0,0,0,0,0,0,0,0,0,0,0,0,0,0
Turkey,Deniz Turuc,Midfielder,1,0,170,3,0,0,3,83.7,116,105,41,20,12,4,2,4,0,0,6,0,0,3,1,2,0,0,0,2,10,2
Turkey,Ozan Tufan,Midfielder,1,0,560,8,0,0,6,86.4,359,322,12.5,4,1,6,7,10,2,0,19,0,3,11,3,5,0,0,3,0,0,0
Turkey,Abdulkadir Parmak,Midfielder,0,0,3,1,0,0,1,0,0,0,0,0,0,0,0,0,0,0,1,0,0,0,0,0,0,0,0,0,0,0
Turkey,Hakan Calhanoglu,Midfielder,1,0,628,9,0,0,7,86.2,338,290,49,33,18,19,10,7,0,0,19,2,2,21,5,9,0,1,7,3,10,1
Turkey,Zeki Celik,Defender,0,0,727,9,0,0,8,79.2,391,318,41.1,25,12,10,8,14,2,0,28,2,12,5,0,4,0,0,1,0,0,0
Turkey,Emre Kilinc,Midfielder,0,0,15,2,0,0,2,0,0,0,0,0,0,0,0,0,0,0,0,0,1,0,0,0,0,0,0,0,0,0
Turkey,Emre Tacdemir,Defender,0,0,0,0,0,0,0,0,0,0,0,0,0,0,0,0,0,0,0,0,0,0,0,0,0,0,0,0,0,0
Turkey,Berkay ozcan,Midfielder,0,0,30,1,0,0,1,0,0,0,0,0,0,0,1,1,0,0,0,0,0,0,0,0,0,0,0,0,0,1
Turkey,Caglar Soyuncu,Defender,0,0,315,4,0,0,3,90.5,225,206,25,2,2,3,3,3,1,0,12,2,14,1,0,0,0,0,1,0,0,0
Turkey,Mert Muldur,Defender,0,0,0,0,0,0,0,0,0,0,0,0,0,0,0,0,0,0,0,0,0,0,0,0,0,0,0,0,0,0
Turkey,Emre Belozoglu,Midfielder,0,0,227,4,0,0,4,86.5,188,169,14.5,8,2,25,6,8,1,0,4,2,0,1,1,0,0,0,0,0,2,1
Turkey,Yusuf Yazici,Forward,1,0,283,8,0,0,8,88.3,188,161,41.6,21,11,5,4,9,1,0,6,1,0,10,5,4,0,0,1,1,12,1
Turkey,Ahmed Kutucu,Midfielder,0,0,85,1,0,0,1,0,0,0,0,0,0,0,1,1,0,0,1,1,0,1,0,1,0,0,0,0,0,0
Turkey,Mert Gunok,Goalkeeper,0,3,810,9,23,0,7,69.6,281,192,0,0,0,36,3,0,0,0,0,0,14,0,0,0,0,0,0,0,0,0
Turkey,Enes unal,Forward,2,0,90,1,0,0,1,83,23,19,100,1,1,0,3,1,0,0,0,0,1,4,3,1,0,0,0,0,0,2
Ukraine,Shved,Forward,0,0,0,0,0,0,0,0,0,0,0,0,0,0,0,0,0,0,0,0,0,0,0,0,0,0,0,0,0,0
Ukraine,Yarmolenko,Forward,1,0,304,4,0,0,2,83.5,134,112,25,9,4,2,5,5,1,0,7,1,1,6,1,5,1,1,0,1,1,3
Ukraine,Plastun,Defender,0,0,1,1,0,0,1,0,0,0,0,0,0,0,0,0,0,0,0,0,0,0,0,0,0,0,0,0,0,0
Ukraine,Kryvtsov,Defender,0,0,630,7,0,0,5,90.7,354,323,21.4,3,2,8,7,4,0,0,25,0,31,3,1,1,0,0,1,1,0,0
Ukraine,Kovalenko,Midfielder,0,0,118,4,0,0,3,86.5,64,60,25,1,1,0,0,1,1,0,2,0,1,1,0,0,0,0,1,0,0,0
Ukraine,Junior Moraes,Forward,0,0,219,4,0,0,3,80.8,36,28,0,1,0,0,2,6,0,0,6,1,3,11,0,5,0,0,6,1,0,0
Ukraine,Bolbat,Midfielder,0,0,180,2,0,0,2,91,152,138,30,7,3,2,3,2,0,0,10,1,2,0,0,0,0,0,0,0,0,0
Ukraine,Sobol,Defender,0,0,92,2,0,0,2,41.5,55,45,16.5,6,2,2,3,4,0,0,1,0,2,0,0,0,0,0,0,0,0,0
Ukraine,Marlos,Midfielder,1,0,278,4,0,0,4,90,174,157,41.8,4,3,4,3,3,0,0,12,0,0,2,1,1,0,0,0,1,6,0
Ukraine,Mykolenko,Defender,0,0,629,7,0,0,4,85.4,282,241,47.9,25,11,8,15,7,2,0,28,10,20,1,0,1,0,0,0,1,0,0
Ukraine,Shakhov,Midfielder,0,0,2,1,0,0,1,0,0,0,0,0,0,0,0,0,0,0,0,0,0,0,0,0,0,0,0,0,0,0
Ukraine,Malinovskyi,Midfielder,3,0,708,8,0,0,5,86,521,455,39.4,25,11,33,14,13,0,0,26,0,5,18,8,4,0,0,6,3,2,0
Ukraine,Besedin,Forward,1,0,13,1,0,0,1,0,0,0,0,0,0,0,1,1,0,0,0,0,0,1,1,0,0,0,0,0,0,0
Ukraine,Sydorchuk,Midfielder,0,0,107,2,0,0,1,93.5,57,53,0,0,0,0,2,3,0,0,4,2,1,1,0,1,0,0,0,0,0,0
Ukraine,Burda,Defender,0,0,90,1,0,0,0,98,50,49,0,0,0,1,0,1,1,0,5,1,7,0,0,0,0,0,0,0,0,0
Ukraine,Pankiv,Goalkeeper,0,0,0,0,0,0,0,0,0,0,0,0,0,0,0,0,0,0,0,0,0,0,0,0,0,0,0,0,0,0
Ukraine,Pyatov,Goalkeeper,0,4,720,8,32,0,5,81.9,205,167,0,0,0,25,6,0,0,0,0,0,12,0,0,0,0,0,0,0,0,0
Ukraine,Stepanenko,Midfielder,0,0,487,6,0,0,6,87.7,276,246,16.7,2,1,7,6,11,4,1,20,9,15,5,0,5,1,1,0,0,0,0
Ukraine,Lunin,Goalkeeper,0,0,0,0,0,0,0,0,0,0,0,0,0,0,0,0,0,0,0,0,0,0,0,0,0,0,0,0,0,0
Ukraine,Konoplyanka,Midfielder,2,0,391,6,0,0,4,83.5,149,125,51.2,22,12,7,9,5,0,0,6,0,1,16,7,6,0,0,3,0,10,1
Ukraine,Karavaev,Defender,0,0,458,1,0,0,4,76,235,194,47.3,9,6,2,1,2,1,0,16,0,6,0,0,0,0,0,0,0,0,0
Ukraine,Shabanov,Defender,0,0,0,0,0,0,0,0,0,0,0,0,0,0,0,0,0,0,0,0,0,0,0,0,0,0,0,0,0,0
Ukraine,Buyalskiy,Midfielder,0,0,6,2,0,0,2,0,0,0,0,0,0,0,1,0,0,0,0,0,1,0,0,0,0,0,0,0,0,0
Ukraine,Shepeliev,Midfielder,0,0,31,2,0,0,2,0,0,0,0,0,0,0,0,0,0,0,3,0,0,1,0,1,0,0,0,0,0,0
Ukraine,Kravets,Forward,0,0,23,1,0,0,1,0,0,0,0,0,0,0,0,0,0,0,0,0,0,1,1,0,0,0,0,0,0,0
Ukraine,Yaremchuk,Forward,4,0,487,7,0,0,5,76,89,67,0,4,0,0,7,11,1,0,2,1,4,13,11,1,0,0,1,1,0,3
Ukraine,Tsygankov,Midfielder,3,0,425,7,0,0,5,86.3,212,182,32.9,19,8,2,8,6,0,0,10,0,2,16,7,6,0,0,3,1,10,1
Ukraine,Bezus,Midfielder,0,0,74,2,0,0,1,0,0,0,0,0,0,0,0,2,0,0,0,0,0,0,0,0,0,0,0,0,0,1
Ukraine,Matviyenko,Defender,0,0,720,8,0,0,5,93.3,482,452,0,0,0,8,1,3,1,0,32,1,34,0,0,0,0,0,0,0,0,0
Ukraine,Boyko,Goalkeeper,0,0,0,0,0,0,0,0,0,0,0,0,0,0,0,0,0,0,0,0,0,0,0,0,0,0,0,0,0,0
Ukraine,Shaparenko,Midfielder,0,0,0,0,0,0,0,0,0,0,0,0,0,0,0,0,0,0,0,0,0,0,0,0,0,0,0,0,0,0
Ukraine,Butko,Defender,0,0,79,1,0,0,0,0,0,0,0,0,0,0,0,2,1,0,1,0,3,0,0,0,0,0,0,0,0,0
Ukraine,Zinchenko,Defender,1,0,630,7,0,0,5,92.3,507,467,28.6,5,3,6,4,4,2,0,29,2,15,11,3,4,0,0,4,1,4,0
Wales,Ampadu,Defender,0,0,389,7,0,0,4,86.2,219,190,0,1,0,2,7,8,2,0,25,6,4,0,0,0,0,0,0,0,0,0
Wales,Matondo,Midfielder,0,0,19,2,0,0,2,0,0,0,0,0,0,0,1,1,1,0,1,0,0,0,0,0,0,0,0,0,0,0
Wales,G. Thomas,Midfielder,0,0,0,0,0,0,0,0,0,0,0,0,0,0,0,0,0,0,0,0,0,0,0,0,0,0,0,0,0,0
Wales,Bale,Forward,2,0,688,8,0,0,3,71.5,201,146,50,19,11,7,13,4,2,0,14,2,9,28,13,7,1,0,8,1,0,7
Wales,Lawrence,Midfielder,0,0,169,3,0,0,1,77.5,53,41,25,3,1,0,1,2,0,0,8,1,10,5,4,1,0,0,0,0,0,0
Wales,Lawrence,Defender,0,0,270,3,0,0,1,77.5,53,41,25,3,1,0,1,2,0,0,8,1,10,5,4,1,0,0,0,0,0,0
Wales,Moore,Forward,2,0,356,4,0,0,2,72.5,105,78,25,1,1,1,14,18,1,0,8,1,8,15,8,4,0,0,3,1,0,1
Wales,John,Midfielder,0,0,0,0,0,0,0,0,0,0,0,0,0,0,0,0,0,0,0,0,0,0,0,0,0,0,0,0,0,0
Wales,Brooks,Midfielder,1,0,158,3,0,0,3,68,46,31,16.7,3,1,3,1,2,1,0,1,0,0,4,2,2,0,0,0,0,1,1
Wales,B. Davies,Defender,0,0,640,8,0,0,4,80.8,279,240,39.6,10,6,19,5,5,1,0,39,3,14,2,0,0,0,0,2,1,0,0
Wales,N. Taylor,Defender,0,0,80,1,0,0,0,0,0,0,0,0,0,0,0,0,0,0,5,2,0,0,0,0,0,0,0,0,0,0
Wales,James,Midfielder,1,0,683,8,0,0,3,79,208,163,49.3,36,18,6,16,6,3,0,16,2,2,13,3,6,1,0,4,2,8,0
Wales,Vaulks,Midfielder,0,0,71,3,0,0,2,0,0,0,0,0,0,0,0,1,0,0,1,0,0,2,1,0,0,0,1,0,1,0
Wales,Smith,Midfielder,0,0,191,5,0,0,2,80.7,66,53,16.7,2,1,7,4,2,0,0,13,2,15,4,1,1,0,0,0,0,1,0
Wales,Rodon,Defender,0,0,270,3,0,0,0,92.3,158,147,0,0,0,1,0,2,0,0,12,0,6,3,0,2,0,0,1,0,0,0
Wales,Dummett,Defender,0,0,0,0,0,0,0,0,0,0,0,0,0,0,0,0,0,0,0,0,0,0,0,0,0,0,0,0,0,0
Wales,Hennessey,Goalkeeper,0,6,720,8,19,0,3,82.5,198,161,0,0,0,37,1,0,0,0,0,0,9,0,0,0,0,0,0,0,0,0
Wales,T. Roberts,Forward,0,0,34,2,0,0,2,0,0,0,0,0,0,0,3,0,0,0,0,0,0,1,0,1,0,0,0,0,0,1
Wales,Wilson,Midfielder,1,0,395,2,0,0,5,78.3,165,137,50.9,27,17,11,9,3,1,0,8,0,1,10,5,1,0,0,2,0,0,0
Wales,Vokes,Forward,0,0,26,2,0,0,1,0,0,0,0,0,0,0,1,0,0,0,0,0,0,0,0,0,0,0,0,0,0,0
Wales,Hedges,Forward,0,0,0,0,0,0,0,0,0,0,0,0,0,0,0,0,0,0,0,0,0,0,0,0,0,0,0,0,0,0
Wales,Ward,Goalkeeper,0,0,0,0,0,0,0,0,0,0,0,0,0,0,0,0,0,0,0,0,0,0,0,0,0,0,0,0,0,0
Wales,Gunter,Defender,0,0,90,1,0,0,0,96,45,43,100,1,1,1,2,1,1,0,4,0,2,0,0,0,0,0,0,0,0,0
Wales,A. Davies,Goalkeeper,0,0,0,0,0,0,0,0,0,0,0,0,0,0,0,0,0,0,0,0,0,0,0,0,0,0,0,0,0,0
Wales,King,Goalkeeper,0,0,0,10,0,0,0,72.4,205,150,16.7,11,3,2,15,26,2,0,0,0,0,31,14,0,1,0,5,3,0,3
Wales,Allen,Midfielder,0,0,630,7,0,0,2,85.6,274,236,14.3,3,1,12,8,14,3,0,40,9,6,6,0,3,0,0,3,0,0,0
Wales,C. Roberts,Defender,0,0,630,7,0,0,3,86.7,236,208,46.4,12,7,11,11,4,0,0,13,1,32,5,1,3,0,0,1,0,0,0
Wales,Mepham,Defender,0,0,450,5,0,0,3,88.8,236,212,0,0,0,7,3,13,1,0,26,0,27,1,0,1,0,0,0,0,0,0
Wales,Levitt,Midfielder,0,0,0,0,0,0,0,0,0,0,0,0,0,0,0,0,0,0,0,0,0,0,0,0,0,0,0,0,0,0
Wales,Lockyer,Defender,0,0,360,4,0,0,2,86.8,132,114,0,0,0,4,3,2,1,0,16,0,9,0,0,0,0,0,0,0,0,1
Wales,Ramsey,Midfielder,2,0,120,2,0,0,2,83.5,63,50,0,3,0,2,3,3,0,0,3,0,0,5,3,1,0,0,1,0,0,0
Wales,Morrell,Midfielder,0,0,212,4,0,0,4,90,111,104,0,0,0,3,2,5,1,0,8,1,0,1,1,0,0,0,0,0,0,0
Wales,A. Williams,Defender,0,0,108,2,0,0,1,63.5,87,80,0,0,0,0,0,0,0,0,4,0,11,1,0,0,0,0,1,0,0,0
Wales,J. Williams,Midfielder,0,0,161,3,0,0,1,77.7,41,32,33.3,6,3,0,5,2,1,0,2,1,0,0,0,0,0,0,0,0,2,0
Wales,Woodburn,Midfielder,0,0,0,0,0,0,0,0,0,0,0,0,0,0,0,0,0,0,0,0,0,0,0,0,0,0,0,0,0,0
